100 450 4.5 3
0 2
0 12
0 89
0 56
0 4
0 9
0 78
0 52
0 31
0 32
0 11
1 71
1 65
1 82
1 93
1 54
2 42
2 34
2 84
2 67
2 13
2 63
2 58
2 38
2 60
3 11
3 78
3 32
3 50
3 67
3 68
3 98
3 53
3 49
4 27
4 30
4 93
4 80
4 77
4 91
4 81
4 54
4 29
5 97
5 34
5 85
5 43
5 28
5 81
5 22
5 29
5 78
5 35
6 84
6 96
6 10
6 59
6 54
6 32
6 38
6 44
7 24
7 47
7 62
7 30
7 77
7 16
7 80
7 26
7 68
8 27
8 93
8 34
8 41
8 45
8 67
9 43
9 83
9 59
9 80
9 22
9 92
9 25
9 33
9 88
9 47
10 77
10 98
10 82
10 19
10 54
10 83
10 71
11 62
11 33
11 96
11 49
11 69
11 26
11 80
12 20
12 57
12 45
12 63
12 76
12 40
12 27
12 60
13 26
13 34
13 69
13 20
13 25
13 88
13 19
13 97
13 22
14 80
14 92
14 91
14 32
14 40
14 96
14 26
14 27
14 70
14 65
15 43
15 30
15 62
15 37
16 43
16 36
16 39
16 88
16 94
16 55
16 18
16 52
17 68
17 98
17 35
17 96
17 97
17 46
17 47
17 92
17 93
18 37
18 98
18 29
18 77
18 32
18 70
18 20
18 35
18 93
19 54
19 98
19 31
19 51
19 32
19 52
19 87
19 61
19 76
19 57
19 89
20 42
20 73
20 48
20 94
20 91
20 56
21 40
21 70
21 42
21 75
21 95
21 83
21 72
21 30
21 52
22 44
22 55
22 34
22 75
22 99
22 66
22 26
22 93
23 79
23 65
23 97
23 70
23 33
23 80
23 59
24 54
24 65
24 64
24 57
24 36
24 37
25 48
25 85
25 68
25 94
25 91
25 76
25 58
25 66
26 50
26 55
26 84
26 43
26 53
26 76
26 98
26 38
26 87
26 46
27 53
27 90
27 91
27 66
27 67
27 87
27 45
28 71
28 72
28 66
28 87
28 38
28 75
28 40
28 63
29 70
29 83
29 51
29 53
29 71
30 98
30 79
30 87
30 95
30 43
30 62
30 74
30 44
31 66
31 71
31 97
31 51
31 69
31 89
32 52
32 69
32 67
32 84
32 60
32 71
33 36
33 81
33 90
33 45
34 58
34 63
34 89
34 94
34 99
34 90
34 44
34 65
34 35
35 50
35 61
35 82
36 79
36 49
36 80
36 96
36 65
36 78
37 99
37 55
37 58
37 50
37 75
38 43
38 83
38 93
39 47
39 88
39 98
39 78
39 68
39 81
39 54
40 98
40 87
40 56
40 57
40 99
40 90
40 60
40 54
41 88
41 83
41 71
41 81
42 49
42 96
42 88
42 54
42 98
43 97
43 58
43 93
43 57
43 87
43 44
43 61
43 64
44 80
44 68
44 91
45 78
45 85
45 59
45 46
45 54
45 70
46 90
46 87
46 48
46 71
46 63
47 74
47 91
47 56
47 78
48 81
48 92
48 71
48 49
48 85
49 76
49 93
49 60
50 97
50 77
50 54
50 96
51 86
51 65
51 79
51 54
51 93
51 96
52 96
52 77
53 92
53 96
53 70
53 79
53 97
53 98
54 90
54 66
54 61
55 81
56 86
56 69
57 68
57 82
57 79
57 78
57 91
58 65
59 74
59 72
59 82
60 77
60 85
60 86
61 91
61 77
61 93
61 62
62 66
63 79
63 96
63 92
64 93
64 98
64 97
65 92
65 82
66 85
66 80
66 98
66 82
66 93
66 68
66 83
67 71
68 84
68 89
68 76
68 90
69 84
69 76
69 91
70 85
71 96
71 74
71 98
71 76
71 79
72 80
73 78
73 80
73 83
75 93
75 79
75 97
75 77
75 96
76 96
76 77
78 83
78 93
79 97
79 93
80 82
81 98
81 90
82 88
82 96
83 90
84 96
85 97
87 88
90 98
90 96
91 92
93 95
93 99
98 99
