100 342 3.42 4
0 39
0 3
0 50
0 89
0 80
1 32
1 91
1 71
1 31
1 33
1 10
1 85
1 19
2 42
2 56
2 9
2 65
3 85
3 23
4 26
4 78
4 96
4 7
4 21
4 83
5 15
5 36
5 30
5 61
5 35
5 29
5 69
5 60
6 25
6 36
6 18
6 33
6 97
6 50
6 7
6 90
7 48
7 30
7 45
7 53
7 72
7 9
7 66
7 88
8 24
8 69
8 63
8 97
8 44
8 22
8 84
9 42
9 76
9 29
9 98
9 91
9 23
9 46
9 55
9 65
10 82
10 23
10 87
10 85
10 38
10 36
11 95
11 47
11 96
11 15
11 60
11 31
11 63
11 81
11 58
11 46
12 40
12 94
12 88
12 91
12 48
12 16
12 45
12 75
12 25
12 52
12 20
12 64
12 96
13 68
13 16
13 42
13 37
13 30
14 65
14 19
14 96
14 35
14 78
14 99
14 68
14 44
14 76
14 90
14 84
15 32
15 28
15 27
15 79
16 81
16 42
16 30
16 26
16 55
16 91
16 98
17 29
17 28
17 53
17 58
17 43
17 42
18 38
18 21
18 85
18 40
18 81
18 92
19 21
19 98
19 59
19 32
19 61
19 77
20 75
20 64
20 65
21 64
21 60
21 37
21 56
21 35
21 34
21 91
21 67
22 90
22 83
22 54
22 61
22 78
23 40
23 77
23 45
23 87
23 29
23 71
24 61
24 58
24 93
24 88
24 36
24 53
24 25
25 52
25 58
26 29
26 59
26 95
26 91
26 48
27 69
27 47
27 61
27 77
27 31
28 35
28 30
28 44
28 38
28 63
28 72
28 32
29 65
29 92
29 87
30 92
30 73
30 57
30 74
30 94
30 77
30 88
31 86
31 63
31 44
31 70
31 75
32 65
32 55
32 35
32 46
33 53
33 63
33 92
34 84
34 90
34 65
34 45
34 86
35 58
35 59
35 90
35 98
35 76
35 40
36 38
36 39
36 55
36 57
36 62
36 54
37 44
38 99
38 75
39 98
39 89
39 85
40 98
40 61
41 96
41 72
41 90
41 75
42 64
42 65
43 83
43 59
43 88
43 68
43 69
44 61
44 86
44 98
44 53
45 57
45 69
46 70
47 79
47 82
47 59
48 52
48 91
48 65
49 81
49 69
49 58
49 60
49 86
50 81
50 73
50 92
51 59
51 93
52 71
52 57
52 82
52 78
52 66
52 87
53 65
53 67
53 82
53 78
53 66
54 76
54 82
54 72
54 81
54 61
54 69
55 72
55 74
56 87
56 85
57 78
57 81
57 82
58 83
59 65
59 93
60 94
60 73
60 90
61 70
63 88
63 70
64 68
65 99
66 88
66 70
67 92
67 78
67 73
68 73
68 74
68 97
68 83
69 97
69 89
70 82
70 88
70 92
71 87
72 84
73 89
74 75
75 87
75 99
76 78
76 95
77 93
77 84
79 90
79 87
79 95
79 94
80 94
81 84
82 87
82 93
83 91
84 97
84 91
85 89
86 96
87 96
91 92
