100 450 4.5 3
0 81
0 19
0 35
0 62
0 40
0 33
0 43
1 78
1 87
1 71
1 46
1 57
1 64
1 36
1 62
2 33
2 10
2 79
2 43
2 87
2 94
2 57
2 80
2 83
2 4
2 81
2 7
3 54
3 73
3 70
3 85
3 25
3 57
3 13
3 93
3 80
4 53
4 9
4 96
4 55
4 91
4 66
4 29
4 83
4 95
4 39
4 85
4 24
4 67
5 85
5 70
5 31
5 68
5 10
5 97
5 52
5 7
5 18
6 79
6 80
6 75
6 21
7 20
7 17
7 49
7 10
7 85
7 66
7 29
7 46
7 80
7 78
7 14
7 45
8 56
8 94
8 25
8 31
9 50
9 85
9 56
9 64
9 48
9 71
9 87
9 78
9 46
9 14
9 81
10 40
10 91
10 59
10 26
10 18
10 12
10 68
10 45
11 94
11 86
11 90
11 51
11 82
11 48
11 65
11 40
12 32
12 82
12 81
12 57
12 88
12 29
13 31
13 66
13 39
13 67
13 75
14 86
14 40
14 93
14 25
14 44
14 91
14 18
15 74
15 61
15 32
15 99
15 97
15 23
15 57
15 41
15 51
15 19
15 82
16 18
16 62
16 78
16 54
17 93
17 42
17 88
17 48
17 66
17 61
18 69
18 72
18 62
18 85
18 27
18 93
18 87
18 20
19 44
19 36
19 25
19 91
19 26
19 41
19 59
19 39
20 82
20 26
20 45
20 59
20 77
20 74
20 41
20 55
21 56
21 68
21 49
22 88
22 32
22 34
23 39
23 27
23 59
23 85
23 53
23 35
23 72
23 67
23 80
23 70
23 55
24 53
24 45
24 51
24 37
24 77
25 96
25 95
25 65
25 78
25 31
26 67
26 70
26 30
26 80
26 47
26 35
26 73
26 38
27 55
27 41
27 79
27 98
27 28
27 45
27 30
27 53
28 53
28 67
28 35
28 80
28 42
28 29
28 83
28 98
28 57
28 99
29 31
29 55
29 75
29 37
29 44
30 35
30 31
30 57
30 78
31 65
31 97
31 57
31 52
31 98
31 64
31 36
31 53
32 34
32 50
32 33
32 80
32 77
32 98
33 74
34 54
34 60
34 79
34 81
35 66
35 49
35 56
35 91
35 55
35 48
35 59
35 89
35 69
36 70
36 74
36 81
36 61
36 57
36 75
36 97
37 43
37 51
37 40
37 78
37 94
37 50
37 70
38 46
38 65
38 50
38 82
38 96
38 57
38 61
39 76
39 60
39 73
39 87
40 83
40 44
40 81
40 57
40 85
41 59
41 45
41 95
41 52
41 98
41 60
41 58
41 71
42 89
42 46
42 76
42 57
42 81
42 64
42 87
42 94
43 65
43 83
43 99
43 70
43 50
43 66
43 84
43 58
43 53
44 82
44 64
44 85
44 54
44 90
45 79
45 64
45 46
45 75
46 82
46 66
46 75
46 47
46 89
46 88
46 63
47 62
47 60
47 50
47 81
47 54
48 77
48 72
48 95
48 91
48 67
49 57
49 90
49 78
49 79
49 56
49 99
50 53
50 88
50 77
51 53
51 84
51 65
52 67
52 86
52 93
52 77
52 82
53 60
53 73
53 92
53 74
53 96
54 63
54 92
54 66
54 91
55 60
55 84
55 65
56 95
56 70
56 65
56 80
56 93
56 97
58 83
58 85
58 87
58 80
59 80
59 88
59 70
60 93
60 94
60 82
60 91
61 85
61 97
61 64
62 68
62 91
62 93
62 77
63 88
63 71
64 68
64 92
64 90
64 79
64 69
65 79
65 74
66 76
66 95
66 84
66 82
67 83
67 81
67 99
67 85
67 74
68 85
68 99
68 93
70 74
71 93
71 92
71 77
73 76
73 88
73 94
73 74
74 87
74 83
74 95
74 84
75 99
76 99
76 77
76 93
77 97
77 83
78 89
79 91
79 84
79 96
80 94
80 86
81 86
82 87
82 91
82 96
82 97
82 83
83 93
85 94
85 98
86 93
87 90
91 95
92 99
