100 342 3.42 4
0 90
0 9
0 67
0 16
1 17
1 56
1 11
1 22
1 45
1 48
2 91
2 21
2 56
2 41
2 94
3 99
3 60
3 96
3 62
3 59
3 63
3 65
3 46
3 5
4 42
4 14
4 87
4 76
4 12
4 82
4 86
5 36
5 70
5 69
5 65
5 33
5 44
5 52
6 26
6 81
6 91
6 45
6 49
6 56
6 95
6 29
7 46
7 76
7 14
8 10
8 61
8 72
8 25
8 15
9 12
9 69
9 80
9 82
9 72
9 11
9 89
9 44
9 34
9 77
10 75
10 13
10 71
10 64
10 76
10 54
11 71
11 17
11 37
11 35
11 59
11 90
11 54
12 20
12 40
12 53
12 86
12 59
12 16
12 39
12 24
13 14
13 51
13 55
14 62
14 15
14 72
14 56
14 35
14 55
14 24
15 64
15 59
15 21
15 45
15 92
15 87
16 79
16 48
16 53
16 98
16 17
16 22
16 49
17 97
17 29
18 83
18 76
18 81
18 29
18 94
18 59
18 24
18 46
18 85
19 96
19 65
19 55
19 43
19 98
19 69
19 42
20 27
20 28
20 21
20 88
20 92
20 73
21 68
21 83
21 29
21 31
22 42
22 49
22 97
22 68
22 90
22 39
22 46
23 72
23 46
23 54
23 57
23 83
23 73
23 56
24 43
24 70
24 42
24 38
24 54
25 66
25 39
25 81
25 92
25 34
26 65
26 66
26 28
26 80
26 99
26 82
26 50
26 77
27 75
27 65
27 63
28 46
28 98
29 53
29 83
29 73
29 72
29 89
30 48
30 60
31 73
31 82
31 37
31 40
31 32
31 97
31 56
31 93
32 35
32 34
32 67
32 80
32 33
32 76
32 50
32 81
33 99
33 70
33 60
33 52
33 80
33 78
34 96
34 56
34 74
34 64
34 84
35 82
35 88
35 65
35 51
35 53
35 80
36 50
36 68
36 51
36 86
36 53
37 50
37 82
38 53
38 95
38 79
38 67
39 59
39 64
39 40
39 82
40 64
40 81
40 88
41 51
41 48
41 60
41 56
42 45
42 80
42 93
43 71
43 50
43 57
43 59
43 68
44 46
44 84
44 54
44 49
44 67
44 96
44 85
45 69
45 73
46 49
46 88
46 97
46 68
46 76
46 50
46 94
47 59
47 75
48 93
48 89
49 82
49 99
49 96
49 64
50 84
50 63
50 65
50 68
50 61
50 58
51 73
51 75
51 91
51 83
52 84
52 55
53 91
54 67
55 99
55 59
55 82
56 71
57 69
57 73
58 62
59 92
59 85
59 66
59 94
60 79
60 75
60 85
60 90
61 83
61 92
61 79
62 64
64 87
64 74
64 83
64 90
65 85
65 93
66 81
66 78
66 71
67 99
67 71
67 78
67 69
68 96
68 98
69 82
69 70
70 90
71 88
72 78
72 87
72 74
72 77
72 76
73 97
75 85
75 89
75 84
75 83
76 87
76 96
78 98
79 99
79 87
81 86
85 96
85 89
86 87
87 93
87 92
92 99
95 99
