100 342 3.42 4
0 48
0 92
0 73
0 50
0 34
0 58
0 61
1 65
1 52
1 76
1 99
1 84
1 46
2 49
2 18
2 34
2 90
3 63
3 37
3 55
3 90
3 23
3 34
4 89
4 69
4 12
4 36
4 34
4 19
4 70
5 6
5 9
5 51
5 67
5 61
5 50
5 90
5 34
6 13
6 14
6 52
6 95
6 65
6 22
6 72
6 28
7 71
7 50
7 76
7 58
7 26
7 25
7 11
7 23
7 31
7 56
8 44
8 93
8 89
8 77
8 84
8 82
8 79
8 23
8 99
8 53
8 80
9 53
9 48
9 25
9 91
10 53
10 92
10 21
11 94
11 51
11 22
11 73
11 85
11 50
11 98
11 82
11 47
12 92
12 24
12 16
12 15
12 77
12 36
13 49
13 37
13 44
13 78
13 75
14 42
14 31
14 55
14 43
15 45
15 43
15 70
15 49
15 37
16 36
16 44
16 43
16 31
16 70
16 76
16 95
17 82
17 34
17 61
17 38
17 46
17 26
17 28
18 91
18 71
18 73
19 66
19 67
19 79
19 74
20 26
21 27
21 41
21 74
21 68
21 38
22 73
22 29
22 78
22 55
22 72
23 48
23 92
23 63
24 41
24 61
24 42
24 82
25 62
25 71
25 61
25 33
25 29
25 40
26 63
26 28
26 73
26 45
26 59
26 62
26 49
27 81
27 80
27 96
27 32
27 85
28 55
28 51
28 78
28 32
28 54
28 61
28 72
29 30
29 54
29 34
30 82
30 38
30 95
30 42
31 90
32 57
32 79
32 90
33 37
33 45
33 35
33 56
34 66
34 35
34 78
34 88
34 93
34 56
34 58
34 44
34 91
34 77
35 62
35 60
35 78
36 75
36 90
36 91
36 82
36 81
37 90
37 82
37 87
37 53
37 96
37 79
38 52
38 60
38 66
38 83
39 41
39 84
39 80
40 49
40 96
40 60
40 94
41 46
41 66
41 83
41 62
42 88
42 60
42 55
42 70
42 72
42 62
42 68
43 49
43 59
43 99
44 65
44 60
44 57
44 90
44 81
44 73
45 72
45 51
45 82
45 56
45 54
46 55
46 89
46 63
47 67
47 69
47 80
47 98
48 62
48 74
48 65
48 52
49 73
49 83
49 54
49 72
49 93
49 79
49 57
50 64
50 54
50 87
50 68
50 81
50 69
50 52
51 76
51 64
51 95
51 85
51 93
52 62
53 90
53 60
54 67
54 68
54 59
54 83
55 97
55 88
55 75
55 99
55 69
55 89
55 83
55 77
57 92
57 87
57 97
58 69
59 92
60 99
61 76
61 77
61 97
61 94
62 76
64 80
64 97
64 86
64 70
65 72
65 87
65 67
66 91
67 94
67 74
68 70
68 98
68 73
69 73
69 87
70 97
70 93
70 72
71 95
71 90
71 85
72 82
72 80
73 91
74 77
74 91
75 87
75 80
75 77
76 93
76 83
76 80
77 78
77 79
78 99
78 90
81 86
82 94
84 96
86 98
88 97
93 98
93 94
97 99
