100 450 4.5 3
0 34
0 74
0 2
0 99
0 1
0 56
0 93
0 71
0 30
0 16
0 63
0 14
1 25
1 89
1 65
1 17
1 36
1 23
2 57
2 73
2 37
2 22
2 43
2 41
3 74
3 63
3 62
3 12
3 52
3 30
3 13
3 77
3 92
3 91
3 68
4 78
4 13
4 14
4 60
4 11
4 32
4 39
5 61
5 68
5 79
5 21
5 98
5 85
5 29
6 62
6 45
6 79
6 44
6 11
6 15
6 27
6 32
6 19
6 75
6 48
6 59
6 37
7 69
7 29
7 9
7 55
7 95
7 11
7 85
7 16
8 68
8 23
8 57
8 24
8 50
8 31
8 51
9 66
9 23
9 43
9 55
9 41
9 73
9 51
10 43
10 66
10 89
10 68
10 24
11 12
11 88
11 18
11 79
11 25
11 24
11 57
11 46
11 31
11 41
12 53
12 43
12 30
12 89
12 33
12 79
12 49
12 44
13 68
13 66
13 85
13 33
13 57
14 63
14 90
14 58
14 54
14 65
14 86
15 63
15 66
15 52
15 76
15 84
16 64
16 88
16 79
16 56
16 81
16 98
16 66
16 17
16 85
16 35
17 21
17 49
17 78
17 90
17 97
17 22
18 99
18 81
18 26
18 96
18 38
18 24
18 74
18 44
19 64
19 86
19 73
19 76
19 51
19 66
19 25
19 88
20 63
20 36
20 57
20 52
20 26
21 95
21 32
21 40
21 44
22 46
22 76
22 77
22 98
22 70
22 52
22 27
22 87
22 68
23 94
23 54
23 89
23 62
23 27
23 34
23 69
24 79
24 75
24 82
24 34
24 71
24 31
25 71
25 93
25 70
25 44
25 97
25 87
26 71
26 28
26 32
26 79
26 43
27 29
27 73
27 58
27 89
27 39
27 65
27 64
27 52
27 56
27 50
28 66
28 33
28 56
29 71
29 99
29 33
29 69
29 31
29 73
29 75
29 78
30 85
30 98
30 81
30 88
30 83
31 87
31 55
31 80
31 32
31 40
31 83
31 91
31 41
32 36
32 61
32 85
32 45
32 51
32 66
32 35
32 40
32 33
33 52
33 42
33 70
33 60
33 83
33 50
33 46
33 91
33 93
33 68
34 54
34 80
34 58
34 96
34 35
34 68
35 64
35 74
35 87
35 39
35 37
35 72
35 94
36 91
36 87
36 52
36 40
36 41
36 80
36 44
36 92
36 70
36 50
37 47
37 44
37 74
37 98
37 85
37 99
37 50
38 39
38 47
38 93
38 69
38 87
38 89
38 90
39 52
39 95
39 74
40 58
40 45
41 77
41 82
41 92
41 72
41 48
41 97
42 43
42 66
42 61
42 68
43 66
43 55
43 72
43 80
43 47
43 44
44 61
45 66
45 69
45 71
45 65
45 59
45 74
46 79
46 74
46 59
46 95
47 61
47 66
48 82
48 56
48 65
48 89
48 63
49 83
49 89
50 70
50 88
50 57
50 74
51 64
51 90
51 70
51 87
52 57
53 54
53 83
53 57
53 86
53 79
53 98
53 66
54 66
54 62
54 93
55 73
55 92
55 84
55 90
55 97
55 82
56 91
56 70
56 84
57 99
57 78
58 78
58 99
58 97
58 83
58 67
58 60
59 90
59 64
59 67
59 63
59 81
60 68
60 80
61 69
61 85
61 80
62 82
62 79
62 96
63 95
63 86
63 93
63 92
63 72
63 90
63 71
63 70
64 75
64 97
64 98
65 95
65 88
65 92
66 84
66 92
66 73
66 78
66 89
67 86
67 75
68 86
68 78
68 89
68 79
68 93
69 98
70 79
70 96
70 86
71 88
71 94
71 85
72 90
73 74
73 96
74 89
74 94
76 77
76 84
76 88
76 78
76 82
77 80
78 86
78 94
78 90
79 80
79 85
79 87
80 89
80 94
84 91
84 99
85 86
85 88
85 97
85 93
86 91
88 95
88 97
88 96
88 98
89 97
89 99
89 92
90 96
90 95
91 96
91 98
94 99
95 96
96 99
