100 450 4.5 3
0 64
0 33
0 82
0 96
0 30
0 57
0 34
0 28
0 11
0 53
0 25
1 88
1 27
1 98
1 29
1 68
1 44
1 78
1 33
1 30
1 80
2 84
2 67
2 32
2 53
2 10
2 40
2 62
3 68
3 34
3 18
3 58
3 38
3 90
3 27
3 87
3 55
4 52
4 15
4 98
4 76
4 93
5 10
5 65
5 77
5 90
5 50
5 91
5 58
5 73
5 71
5 6
5 88
6 91
6 51
6 70
6 80
6 44
6 8
7 84
7 26
7 94
7 69
7 59
7 78
7 85
7 73
7 32
7 19
8 32
8 28
8 24
8 83
8 37
8 30
8 97
9 67
9 10
9 62
9 49
9 26
9 85
9 42
9 36
9 35
9 46
9 84
9 58
10 64
10 97
10 53
10 56
10 20
10 57
10 27
10 91
11 77
11 86
11 74
11 41
11 48
12 32
12 36
12 48
12 20
12 16
12 95
13 81
13 68
13 49
13 17
13 47
13 75
13 26
13 96
13 55
14 34
14 97
14 29
14 25
14 15
15 40
15 26
15 95
15 76
15 72
15 44
15 77
15 41
15 48
16 41
16 73
16 63
16 58
16 66
16 31
16 70
16 33
16 71
16 39
17 36
17 67
17 43
17 52
17 23
17 59
17 51
18 50
18 83
18 69
18 94
18 71
18 74
18 26
18 43
19 67
19 86
19 23
19 78
20 71
20 62
20 95
20 65
20 73
20 21
20 54
21 78
21 23
21 35
21 94
21 55
21 57
21 76
21 52
21 66
21 84
22 75
22 65
22 53
22 43
23 90
23 83
23 28
23 64
23 46
23 35
23 38
23 71
23 37
24 62
24 63
24 81
24 92
24 57
24 56
24 71
24 61
25 49
25 74
25 29
25 37
25 64
25 41
25 72
26 55
26 28
26 78
26 96
26 81
27 94
27 74
27 51
27 84
27 99
27 36
27 58
28 87
28 40
28 90
28 79
28 76
28 34
29 58
29 41
29 89
29 81
29 47
29 92
29 98
29 34
30 81
30 99
30 69
30 37
30 56
30 55
30 66
30 48
31 61
31 52
31 90
31 74
31 72
31 35
31 36
31 51
31 80
32 33
32 53
32 55
32 70
32 81
33 49
33 51
33 43
33 77
33 65
33 36
34 58
34 75
34 84
34 80
34 72
34 71
35 98
35 41
35 57
35 69
35 71
36 90
36 79
36 77
36 71
36 99
37 70
37 87
37 93
37 68
37 51
37 81
37 66
37 56
37 96
38 80
38 94
38 82
38 53
38 89
38 63
38 45
38 74
38 52
39 60
39 73
39 75
40 91
40 45
40 86
40 56
41 93
41 53
41 81
41 96
41 94
42 44
42 70
42 59
42 80
42 81
42 86
42 94
43 72
43 79
43 83
43 61
43 68
43 73
44 82
44 52
44 47
44 85
44 69
44 49
44 45
44 74
44 95
45 93
45 90
45 60
46 73
46 87
46 68
46 65
47 64
47 63
47 96
47 76
47 51
47 87
48 80
48 88
48 55
48 87
48 89
49 64
50 52
50 51
50 96
50 88
50 86
51 93
51 99
52 62
52 90
52 58
52 83
52 68
52 71
53 68
53 62
54 74
54 75
54 80
54 62
54 73
55 72
55 94
55 59
56 95
56 92
56 82
56 88
56 79
56 73
57 75
57 95
57 79
57 92
57 62
58 91
58 78
58 89
59 77
59 89
59 61
59 62
61 84
61 78
62 96
63 79
63 69
63 64
64 70
64 92
65 89
65 67
65 88
66 79
66 92
66 91
67 70
67 89
67 83
68 79
68 86
68 90
68 91
69 96
69 89
69 84
70 79
70 95
71 89
71 76
71 84
71 80
72 81
72 82
72 94
72 78
73 86
73 87
73 84
74 95
75 97
75 89
75 87
76 90
76 92
77 81
77 96
77 82
78 83
79 81
79 93
79 98
80 98
80 95
81 85
81 82
81 92
82 87
85 86
86 98
86 92
88 99
90 97
90 96
96 99
96 97
