100 150 1.5 3
0 1
0 59
0 96
1 43
1 29
1 96
1 50
1 46
2 77
3 40
3 76
3 38
4 29
5 71
5 39
6 60
6 24
7 9
7 99
7 79
8 59
9 16
9 20
9 45
10 11
10 26
11 67
11 64
11 42
11 59
11 31
11 24
12 35
13 91
13 20
13 53
13 90
14 98
14 72
15 86
16 46
16 56
17 34
18 25
19 42
19 26
19 43
19 21
21 50
21 35
22 63
22 47
23 60
23 30
23 92
23 67
24 26
25 48
25 37
27 63
27 98
27 80
27 92
28 71
28 34
29 78
29 59
29 61
29 94
30 85
30 97
30 34
31 81
31 57
31 54
31 98
31 88
32 65
32 97
33 61
33 40
34 97
35 69
35 79
35 41
35 47
36 47
36 74
37 84
37 89
37 72
38 52
38 44
40 90
40 57
41 88
42 48
43 80
47 79
48 67
49 78
51 78
52 56
52 94
54 79
54 96
55 66
55 93
55 67
56 73
56 83
56 98
57 60
58 70
59 68
59 70
59 88
60 70
60 85
60 89
62 77
62 92
63 69
64 96
64 74
65 80
66 87
67 68
68 92
68 98
68 78
70 96
71 95
71 74
71 98
74 82
75 77
79 81
79 86
79 89
80 89
80 88
81 86
81 90
81 83
81 91
82 90
83 90
86 97
91 99
