100 450 4.5 3
0 7
0 80
0 4
0 45
0 8
0 92
0 21
0 11
0 42
0 67
0 75
1 31
1 56
1 5
1 39
1 9
1 12
1 3
1 41
1 24
1 60
1 44
2 75
2 26
2 52
2 29
2 55
2 54
2 17
2 13
2 8
2 58
2 72
2 84
3 37
3 94
3 88
3 60
3 66
3 82
3 95
3 90
3 87
3 83
3 96
4 38
4 17
5 58
5 26
5 23
5 32
6 99
6 85
6 60
6 14
6 96
6 83
6 90
6 41
6 73
6 17
7 93
7 37
7 57
7 91
7 44
7 72
7 82
8 83
8 88
8 37
8 79
8 71
8 43
8 11
8 22
8 95
8 15
9 54
9 70
9 97
9 61
9 27
9 17
9 41
9 69
9 38
10 86
10 88
10 81
10 97
10 47
10 50
10 74
10 38
10 71
10 16
10 70
11 91
11 24
11 16
11 70
11 19
11 53
11 29
11 97
12 38
12 53
12 30
12 81
12 85
12 21
12 89
12 34
12 35
12 80
13 56
13 83
13 52
13 42
13 71
13 80
14 47
14 95
14 78
14 79
14 67
15 61
15 49
15 63
15 92
15 52
15 81
16 65
16 26
16 55
16 45
16 79
16 85
16 18
16 20
16 42
17 35
17 64
17 65
17 34
18 71
18 52
18 85
18 84
18 43
18 19
18 33
18 82
18 98
19 68
19 20
19 90
19 75
19 95
19 60
20 53
20 91
20 56
20 83
20 68
20 70
20 55
20 71
21 62
21 29
21 95
21 85
21 80
21 74
21 88
21 81
22 85
22 76
22 99
23 62
23 96
23 64
23 60
23 69
23 54
23 72
24 56
24 73
24 31
24 95
24 28
24 83
24 90
25 98
25 51
25 64
25 90
25 92
25 44
26 60
26 81
26 57
27 40
27 59
28 71
28 84
28 39
28 41
28 92
28 40
28 88
28 90
28 59
28 99
28 43
28 86
29 87
29 95
29 32
29 56
29 93
29 96
30 45
30 54
30 82
30 69
30 70
30 50
30 57
30 44
30 52
30 81
30 88
30 66
30 47
30 68
30 51
30 31
31 75
31 84
31 92
31 34
31 53
31 81
31 54
32 54
32 53
32 90
32 33
32 62
32 86
32 39
32 43
32 38
32 59
32 98
32 45
33 79
33 91
33 46
33 56
34 69
34 50
34 71
34 42
35 90
35 59
35 88
35 43
35 41
35 39
36 96
36 47
36 49
36 67
37 87
37 42
37 65
37 61
37 48
38 47
38 93
38 66
38 48
39 48
39 57
39 73
40 65
40 67
40 60
40 83
40 49
41 71
41 76
42 74
42 79
42 65
42 77
42 56
42 73
42 57
42 94
43 69
43 62
43 58
43 85
44 78
44 48
44 76
44 72
45 57
45 74
45 79
46 77
46 74
46 96
46 80
46 59
46 95
46 84
47 63
47 78
47 62
47 87
47 70
48 72
48 82
48 50
49 52
49 74
49 51
50 86
50 75
50 98
50 54
50 62
50 52
50 63
51 88
51 82
51 87
51 91
51 57
52 75
52 56
52 61
53 93
53 66
53 82
53 79
53 60
54 95
54 73
55 76
55 83
55 93
55 67
55 64
55 56
56 97
56 84
56 87
57 94
57 59
57 58
57 85
57 79
58 99
58 92
59 78
59 79
60 81
60 62
60 99
60 63
60 89
60 79
60 98
60 87
60 70
61 92
61 90
61 66
61 95
61 91
61 89
62 87
62 96
63 66
63 96
63 73
63 95
63 72
64 67
65 72
65 96
65 89
65 83
67 84
67 96
67 70
67 98
68 92
68 98
68 97
69 82
70 71
70 94
71 84
71 80
71 85
71 76
72 90
72 94
72 87
73 75
73 78
74 80
74 75
74 78
74 81
75 91
75 84
76 81
76 77
77 78
78 91
78 97
78 83
78 92
78 84
79 85
79 91
79 92
79 97
79 89
79 98
80 83
81 82
81 94
83 87
83 86
85 94
85 96
85 90
86 93
86 88
87 93
92 95
