100 150 1.5 3
0 14
0 66
0 48
1 82
1 91
2 7
2 57
2 69
3 39
3 40
3 43
3 67
3 85
4 67
4 5
5 7
5 29
6 59
6 48
6 19
6 86
6 71
7 99
7 56
7 29
7 11
7 45
8 42
9 74
10 63
10 79
10 58
10 69
11 69
11 92
11 40
12 51
12 97
12 29
12 52
12 79
12 89
12 30
13 25
13 75
14 89
14 40
14 60
15 96
15 63
16 95
17 41
17 51
17 30
18 39
18 63
19 85
19 28
20 48
20 79
20 62
20 94
20 28
20 27
21 24
22 35
22 63
22 39
22 30
23 81
24 52
24 34
26 93
27 52
27 79
29 38
29 94
30 36
30 41
31 78
31 77
32 33
32 88
32 41
32 61
33 37
34 57
34 66
34 51
34 55
34 37
36 72
36 38
37 50
37 76
38 46
39 98
39 94
40 45
40 84
41 63
41 55
43 70
43 79
44 86
44 47
44 85
44 48
44 87
45 79
45 96
46 52
46 79
47 89
47 52
48 51
49 87
49 99
51 84
52 76
52 60
52 64
53 60
53 55
54 89
54 56
55 82
56 72
56 83
57 89
58 97
58 62
58 61
58 89
61 94
65 86
68 98
70 73
71 75
75 94
76 99
76 89
80 90
82 94
83 89
84 96
87 91
87 98
89 99
94 97
