100 150 1.5 3
0 66
0 46
1 98
2 22
2 7
2 6
2 48
2 61
2 46
3 82
3 42
3 10
3 95
3 57
4 90
4 33
4 23
5 93
5 40
5 83
6 26
6 79
6 88
6 18
7 83
7 70
7 62
8 40
8 35
8 47
8 65
8 27
9 60
9 87
10 28
10 21
10 53
10 57
11 70
11 19
11 56
11 93
11 36
12 36
12 25
13 30
13 86
13 59
14 78
14 95
14 67
14 38
15 34
15 52
15 46
16 44
17 28
17 64
17 96
18 86
18 97
18 91
20 68
20 85
20 46
20 96
21 80
21 87
23 67
23 89
23 78
23 84
24 26
25 37
25 92
26 53
26 98
27 84
28 42
28 81
29 54
29 56
29 44
29 74
29 85
30 45
31 93
32 45
32 49
32 68
32 44
34 47
35 42
36 68
36 45
36 41
36 58
37 46
37 69
37 81
38 94
38 48
39 41
40 44
40 53
43 49
43 69
44 76
44 88
44 50
46 62
46 95
46 55
47 52
48 88
48 77
49 51
50 55
51 83
52 81
53 93
53 82
55 81
56 95
60 73
61 99
62 72
62 69
62 87
62 86
63 91
63 70
65 71
65 97
67 93
68 92
68 90
70 77
71 73
71 83
72 96
72 78
73 75
74 95
75 86
76 90
77 95
81 85
83 91
91 92
