100 450 4.5 3
0 2
0 21
0 87
0 6
0 15
0 51
0 40
0 13
0 83
0 1
0 79
0 27
0 97
0 39
0 71
1 69
1 90
1 82
1 59
1 44
1 19
1 25
1 16
1 77
1 86
1 75
1 39
2 11
2 95
2 14
2 5
2 99
2 26
3 51
3 63
3 84
3 22
3 65
3 54
4 18
4 26
4 16
4 62
4 65
4 10
4 49
4 21
5 10
5 67
5 69
5 22
5 75
5 12
5 6
5 78
5 39
6 12
6 81
6 73
6 30
6 20
6 11
6 28
6 46
7 32
7 59
7 80
7 72
7 54
7 34
7 98
7 44
7 77
7 27
7 97
8 85
8 60
8 30
8 66
8 77
8 68
8 29
8 64
9 58
9 79
9 82
9 90
9 14
9 71
9 38
9 34
9 23
9 77
9 86
10 53
10 96
10 43
10 98
10 60
10 78
10 23
10 48
10 11
10 97
10 47
11 55
11 45
11 94
11 81
11 37
11 96
11 16
11 97
11 60
12 52
12 31
12 20
12 29
12 91
12 97
12 25
12 27
12 73
12 46
12 45
12 62
12 75
12 28
13 58
13 45
13 33
13 80
14 65
14 25
14 67
14 70
14 94
15 64
15 86
15 54
15 21
15 75
15 78
15 62
15 38
16 44
16 80
16 36
16 60
16 49
16 93
16 55
17 50
17 51
17 73
17 27
17 35
17 32
17 46
18 72
18 46
18 45
18 60
18 24
18 98
18 31
18 96
19 72
19 65
19 20
19 30
20 44
20 33
20 71
20 54
20 77
21 89
21 24
21 49
21 34
21 83
21 85
21 86
21 55
22 73
22 92
22 33
22 91
22 25
22 68
22 87
22 41
23 92
23 37
23 24
23 32
23 41
23 35
23 65
23 97
24 54
24 49
24 77
24 69
25 93
25 34
25 74
25 57
25 47
25 78
26 38
26 42
26 36
26 71
27 57
27 58
27 86
28 77
28 76
28 50
28 44
28 54
28 69
28 75
29 80
29 45
29 69
30 57
30 40
30 84
31 79
31 57
31 48
31 69
31 54
31 51
31 87
31 71
31 95
31 92
32 33
32 69
32 82
32 64
32 57
32 92
32 58
33 97
33 68
33 66
34 94
34 53
34 79
34 45
35 49
35 43
35 79
35 71
35 91
35 45
36 86
36 71
36 95
36 65
36 77
36 87
37 82
37 58
38 72
38 44
38 74
38 55
38 83
38 48
38 46
38 61
38 97
39 80
39 70
39 57
39 60
39 88
40 48
40 54
40 95
40 73
41 82
41 61
41 88
42 69
42 86
42 91
42 51
43 72
43 50
43 46
43 97
43 55
43 87
43 56
43 52
43 67
44 97
44 75
44 55
44 68
44 73
45 57
45 99
45 81
45 93
45 84
46 51
46 78
46 91
46 48
46 82
47 63
47 58
47 95
47 71
48 87
48 94
48 51
48 68
49 65
49 98
49 87
49 93
49 85
50 66
50 64
50 55
50 54
50 80
50 97
51 52
51 74
51 63
51 84
52 77
52 91
52 78
52 95
53 57
53 91
53 80
53 61
53 62
54 87
54 83
54 71
54 62
54 65
55 82
55 58
55 64
55 84
55 99
56 91
56 86
57 93
57 87
57 67
57 73
57 75
58 88
58 99
58 94
58 77
58 74
58 68
58 85
59 94
59 83
59 72
60 64
60 76
60 61
60 65
61 96
61 65
62 93
62 72
62 68
63 67
63 87
63 79
64 85
65 70
65 88
65 94
66 82
66 71
66 95
66 77
66 87
66 76
67 99
68 78
68 87
68 82
69 71
69 87
69 75
69 91
70 82
70 79
70 78
70 84
70 90
71 96
71 72
71 88
72 84
72 95
72 79
73 87
73 77
73 78
74 84
75 84
75 86
76 90
77 85
78 92
78 91
79 96
79 81
79 98
80 87
80 98
80 85
82 94
82 85
82 83
83 95
84 92
84 93
84 91
84 96
84 85
85 87
86 93
86 88
87 90
88 91
90 98
92 99
93 95
