100 450 4.5 3
0 10
0 60
0 69
0 86
0 51
0 96
0 57
0 78
0 14
0 61
0 55
1 75
1 85
1 87
1 5
1 79
1 63
1 13
1 30
1 90
1 72
1 59
1 23
1 18
1 8
2 75
2 64
2 77
2 48
2 28
2 46
2 90
2 66
2 39
2 85
2 50
2 81
3 73
3 45
3 48
3 92
3 68
3 70
3 18
4 10
4 32
4 84
4 76
4 43
4 75
4 66
5 46
5 70
5 68
5 30
5 10
5 31
5 54
5 9
5 53
5 91
5 69
5 47
6 43
6 98
6 53
6 76
6 29
6 22
6 18
6 56
6 50
7 39
7 85
7 11
8 86
8 34
8 22
8 29
8 93
8 47
8 79
9 39
9 80
9 79
9 57
9 56
10 97
10 48
10 94
10 35
10 11
10 32
11 55
11 24
11 34
11 14
11 79
11 62
11 50
11 68
11 93
11 40
12 53
12 69
12 71
12 25
12 44
12 98
12 41
12 23
12 55
12 87
12 51
13 77
13 35
13 88
13 58
13 74
13 52
13 66
13 41
13 32
14 63
14 64
14 25
14 88
14 61
14 94
14 46
15 30
15 82
15 91
15 63
15 62
15 40
15 76
15 70
15 47
15 60
15 56
15 78
15 22
15 74
16 79
16 63
16 53
16 19
16 77
16 98
16 66
17 70
18 31
18 87
18 65
18 27
18 70
18 79
18 72
18 82
18 54
18 67
19 27
19 78
19 22
19 60
19 33
19 97
19 57
20 34
20 27
20 46
20 37
20 49
20 91
21 96
21 57
21 55
21 28
21 91
21 46
21 65
21 61
21 93
21 27
21 33
22 59
22 97
22 36
22 65
22 25
22 83
22 32
23 60
23 64
23 87
23 74
23 30
23 55
23 47
23 63
24 88
24 66
24 55
24 54
24 26
24 37
25 34
25 95
25 76
25 70
25 30
25 50
25 65
25 61
25 55
26 40
26 82
26 64
26 97
27 80
27 66
28 41
28 32
28 45
28 43
29 38
29 97
29 92
29 48
29 95
29 49
30 82
30 97
30 48
30 70
31 88
31 55
31 59
31 84
31 56
31 40
32 47
32 86
32 46
32 96
32 54
32 55
32 92
32 69
32 60
32 82
32 37
32 64
32 65
32 50
33 89
33 66
33 90
33 38
34 73
34 80
34 59
34 42
34 70
35 79
35 56
35 97
35 67
35 78
35 53
35 92
35 93
35 57
35 68
35 75
36 87
36 68
36 63
36 65
37 48
37 84
38 47
38 86
38 82
39 69
39 53
39 95
39 98
39 47
39 57
40 49
40 78
40 88
40 47
40 41
41 86
41 76
42 48
42 89
42 64
42 55
42 69
42 86
42 79
42 83
42 57
43 69
43 82
43 98
43 70
43 68
43 63
44 76
44 93
44 49
45 98
45 76
45 48
45 53
45 63
45 86
45 85
46 95
46 62
46 85
46 83
46 71
46 81
46 97
47 61
47 72
47 89
47 80
48 67
48 53
48 98
48 99
49 55
49 84
49 69
49 67
49 51
50 60
50 90
51 58
51 82
51 60
51 80
52 92
52 65
52 62
52 82
52 95
53 73
53 71
53 65
53 92
54 97
54 94
54 82
55 62
55 66
55 95
56 85
56 77
56 89
56 62
57 97
57 66
57 88
58 86
58 90
58 87
58 63
58 83
58 59
59 68
59 92
59 63
59 75
60 80
60 88
60 69
60 67
61 73
61 62
61 78
62 71
62 81
62 72
63 99
63 78
63 77
63 97
63 88
63 68
64 83
64 95
64 97
65 84
65 93
65 77
66 97
66 86
66 95
67 89
67 78
68 73
68 71
68 81
69 83
70 75
70 87
71 75
72 74
72 81
72 91
72 78
73 74
73 95
73 97
73 98
73 75
74 87
74 94
76 82
76 83
76 90
76 99
76 94
77 93
78 81
79 90
80 87
80 97
80 96
82 85
83 92
84 92
86 90
86 91
87 99
87 90
90 92
91 94
92 94
92 93
93 94
98 99
