100 150 1.5 3
0 49
0 38
0 89
0 25
1 35
2 62
2 71
2 82
2 5
3 83
3 92
3 28
4 87
5 66
5 14
5 21
5 63
6 30
7 8
7 75
7 64
7 22
7 40
8 58
8 29
9 88
9 74
9 48
10 32
10 54
11 90
11 25
12 93
12 78
12 59
12 77
13 29
14 57
15 42
16 79
16 69
16 38
17 65
18 40
18 56
19 23
19 59
20 44
21 47
21 84
21 60
21 80
21 63
22 58
22 46
22 98
22 76
24 88
24 58
24 57
24 51
24 45
25 55
26 74
27 32
27 66
27 98
27 85
28 30
28 96
28 73
30 74
31 95
31 48
31 82
31 55
32 35
33 46
33 36
33 98
33 40
34 70
36 81
36 78
36 73
37 58
37 53
38 44
38 57
38 60
38 87
39 93
40 63
40 77
40 54
41 67
41 48
42 64
42 94
43 84
44 74
45 46
46 93
46 83
47 48
47 71
48 78
49 73
50 89
51 94
52 74
52 58
53 90
55 97
57 59
57 82
58 98
58 84
58 72
59 92
59 67
60 64
60 99
60 63
61 63
61 75
62 78
63 88
63 84
64 86
66 83
67 78
68 70
68 99
69 77
70 91
70 74
73 95
74 96
75 82
76 86
77 84
78 93
78 98
79 82
81 88
83 90
87 88
90 94
91 99
