100 450 4.5 3
0 7
0 18
0 38
0 76
0 80
0 35
0 8
0 25
0 77
0 83
0 96
1 34
1 6
1 19
1 14
1 5
1 63
1 48
1 33
1 75
2 48
2 88
2 58
2 21
2 8
3 61
3 38
4 80
4 55
4 88
4 98
4 92
4 77
4 26
4 36
4 35
5 66
5 35
5 54
5 98
5 25
5 70
5 39
6 10
6 90
6 97
6 42
7 52
7 90
7 47
7 17
7 87
7 42
7 20
7 12
7 67
7 10
7 72
7 53
8 45
8 44
8 12
8 85
8 61
8 70
8 76
8 17
8 37
8 51
8 66
8 9
8 46
8 21
8 54
8 69
8 13
9 63
9 34
9 22
9 13
9 14
9 57
9 82
9 11
10 58
10 12
10 36
10 62
11 74
11 72
11 71
11 15
11 91
11 57
11 63
11 40
11 46
12 68
12 38
12 73
12 85
13 82
13 91
13 42
13 46
14 96
14 48
14 28
14 98
14 94
14 57
14 92
14 63
14 74
14 23
15 75
15 18
15 86
15 41
15 63
15 74
15 57
15 19
15 24
15 73
15 82
15 95
15 36
16 64
16 82
16 33
16 59
16 74
16 22
16 56
16 93
16 48
17 38
17 50
17 37
17 79
17 23
17 35
17 29
18 91
18 83
18 46
18 89
18 32
18 19
18 69
18 95
18 45
18 66
19 55
19 63
19 78
19 97
19 35
19 38
19 72
19 77
19 32
19 25
19 23
20 56
20 49
20 95
20 43
20 89
20 87
21 67
21 58
21 80
21 36
21 40
21 82
21 87
22 59
22 34
22 78
22 97
22 41
22 84
22 66
22 85
23 52
23 24
23 39
23 59
23 90
23 61
23 95
23 41
23 46
23 68
23 51
24 38
24 59
24 54
24 93
24 98
24 25
25 42
25 97
25 66
25 78
25 69
25 73
25 54
25 90
26 45
26 89
26 75
26 72
26 73
26 71
27 76
27 41
27 53
27 68
27 99
27 45
28 81
28 29
28 35
28 48
28 67
28 36
28 41
28 96
29 68
29 41
29 85
30 40
30 70
30 66
30 79
30 98
31 36
31 66
31 57
31 56
31 47
31 33
32 75
32 81
32 52
32 98
32 93
33 61
34 96
34 40
34 71
34 91
34 59
35 47
35 44
35 75
35 59
36 90
36 42
36 77
37 81
37 45
37 84
37 92
37 73
37 62
37 89
37 96
37 80
38 51
38 83
38 70
38 81
38 39
38 84
39 88
39 67
39 96
40 87
40 89
40 59
40 65
40 44
40 66
41 66
41 77
41 92
41 57
41 98
41 82
41 80
42 65
42 73
43 63
43 70
43 79
43 90
44 70
44 97
44 64
44 50
44 92
44 62
45 47
45 99
45 88
45 58
46 63
46 75
46 81
46 49
46 74
46 53
47 73
47 79
47 98
47 93
48 51
48 76
48 91
48 71
48 81
48 53
48 95
49 71
49 99
49 90
49 60
49 83
49 64
50 90
50 54
50 87
50 70
50 53
50 77
50 52
51 63
51 88
51 60
51 64
51 86
52 61
52 63
52 71
52 64
53 90
53 74
53 63
53 54
53 59
53 80
53 94
53 88
54 64
54 57
54 79
55 73
56 87
56 95
56 75
57 91
57 87
57 73
57 84
58 91
58 85
58 95
58 73
58 69
59 62
59 82
59 89
60 83
60 81
60 66
60 77
61 82
61 85
61 92
61 62
61 93
62 67
62 85
62 73
62 91
62 84
63 72
63 71
64 71
64 69
65 74
65 98
65 96
65 92
65 71
65 82
66 95
67 72
67 97
67 82
67 86
67 78
68 70
68 78
68 92
69 96
69 88
69 79
70 80
70 79
70 75
70 84
71 73
71 86
72 94
72 88
72 89
72 95
72 84
73 88
73 96
73 97
74 76
75 94
75 78
75 91
76 82
77 89
78 81
78 89
80 95
80 89
80 90
81 88
82 89
83 93
84 88
88 90
88 99
89 97
89 92
89 94
90 93
91 92
94 95
95 99
