100 150 1.5 3
0 96
0 79
0 28
1 10
2 82
2 88
3 9
3 40
3 97
3 15
3 10
3 61
4 69
4 90
5 50
5 47
6 21
7 18
7 59
7 32
7 95
8 93
9 16
9 81
10 57
10 90
10 73
10 72
10 21
11 75
12 90
12 94
13 64
13 35
14 99
14 85
14 73
14 90
14 98
15 44
16 68
16 24
17 51
17 98
17 95
18 64
18 55
19 61
19 55
19 74
19 26
20 24
20 54
20 22
20 78
21 25
22 62
22 96
22 63
23 34
23 73
23 82
23 77
24 73
25 51
25 60
25 63
25 96
25 95
26 71
27 54
27 40
28 56
29 63
29 58
30 53
31 46
32 96
32 51
32 43
32 48
33 40
34 94
34 87
35 44
35 98
36 71
36 86
37 61
38 63
39 82
40 55
41 74
41 82
42 68
42 73
43 78
44 56
44 59
45 66
46 61
49 93
49 75
51 60
51 55
51 67
51 62
52 91
52 71
52 64
52 84
53 62
53 74
54 99
54 76
55 65
56 64
57 75
58 93
58 79
59 61
59 73
59 80
60 91
60 64
60 62
61 93
62 72
62 77
63 71
64 93
64 74
65 97
66 69
67 75
68 83
70 72
70 95
72 73
75 80
75 83
77 92
77 91
80 89
81 95
81 89
85 94
87 96
90 93
94 98
