100 342 3.42 4
0 28
0 49
0 46
1 7
1 80
1 30
1 81
1 35
1 20
1 27
1 24
1 19
2 6
2 7
2 42
2 62
2 45
2 99
3 97
3 76
3 81
3 20
3 8
4 73
4 70
4 89
5 89
5 72
5 63
5 40
5 68
5 43
5 91
5 88
5 60
5 24
5 65
5 55
5 99
6 8
6 43
6 21
6 51
7 96
7 72
7 9
7 57
7 97
7 63
7 31
8 89
8 62
8 19
8 32
8 71
8 12
8 39
8 45
8 52
9 47
9 35
9 33
9 18
10 31
10 32
10 30
11 49
11 38
11 21
11 70
11 35
11 80
12 54
12 55
12 83
12 34
12 57
13 32
13 96
13 86
13 18
13 39
13 46
13 26
13 76
14 96
14 37
14 90
14 81
14 54
15 82
15 21
15 23
15 75
15 29
16 67
16 68
16 38
16 50
16 63
16 35
16 60
16 18
16 28
17 65
17 91
17 44
17 87
17 42
17 26
18 31
18 62
18 48
18 77
19 38
19 86
20 74
20 75
20 82
20 61
20 85
20 52
20 28
20 57
21 80
21 37
21 98
21 60
22 79
22 92
22 80
22 82
22 55
22 56
23 68
23 44
23 92
23 34
24 39
24 52
25 99
25 81
25 75
25 89
25 90
26 89
26 54
26 47
26 52
26 77
26 56
27 86
27 93
27 65
27 45
27 56
27 82
28 63
28 87
28 52
28 39
28 33
28 35
28 53
29 68
29 79
29 36
29 30
29 98
30 60
30 41
30 95
30 64
30 83
31 46
31 60
31 67
31 92
31 56
31 66
31 57
31 43
31 69
32 86
32 91
32 83
33 46
33 40
33 41
34 46
34 75
34 42
34 86
34 48
34 99
34 35
34 61
34 52
34 82
35 91
35 40
36 55
36 95
36 66
36 54
37 51
37 49
37 46
37 67
37 92
38 73
38 46
38 89
38 44
38 98
38 74
38 53
39 65
39 95
39 77
39 41
39 69
39 66
39 71
39 50
40 73
40 75
40 98
40 51
40 85
40 83
41 42
41 85
41 80
41 82
41 98
41 77
41 91
42 88
42 79
42 46
43 97
43 56
43 44
43 83
43 82
44 75
45 50
45 67
45 49
45 92
46 60
46 95
46 94
46 75
47 50
47 84
47 79
48 49
48 90
48 95
49 57
49 59
50 84
50 56
50 57
51 85
52 60
52 78
52 69
52 61
53 91
53 63
53 86
53 59
54 61
54 64
55 84
55 96
55 90
56 81
56 97
57 70
57 88
57 69
58 70
58 60
59 80
59 74
60 90
61 75
61 96
62 68
62 92
63 93
63 76
64 90
64 78
65 75
65 85
67 72
67 93
67 79
67 84
68 81
69 99
69 89
70 95
70 72
70 92
70 76
71 74
71 87
71 92
71 97
72 96
72 85
73 80
73 83
74 93
74 76
75 95
76 82
77 78
77 91
78 82
79 84
80 85
81 96
81 95
81 93
83 84
83 88
83 98
85 97
87 95
87 96
90 98
92 93
93 99
94 99
97 99
