100 150 1.5 3
0 15
0 1
0 31
1 58
1 35
1 17
1 4
2 95
2 26
2 74
2 30
2 84
3 20
3 63
3 68
3 98
4 51
5 75
5 80
5 7
5 79
6 54
7 30
7 78
7 28
7 40
8 23
9 82
9 18
9 40
10 14
10 89
10 58
10 15
10 34
11 19
11 97
11 48
12 70
12 81
13 66
13 36
13 79
13 32
14 42
14 44
16 74
16 75
16 90
16 35
17 32
17 43
18 69
18 47
18 42
21 71
21 65
21 37
21 23
22 61
22 79
22 48
22 72
23 41
23 68
23 42
24 78
25 75
26 53
27 47
27 78
27 68
28 77
28 62
29 76
29 81
29 56
30 79
30 72
30 43
31 67
31 79
31 43
31 96
33 50
35 48
36 42
38 42
38 47
38 41
38 68
38 45
39 85
39 90
40 61
41 57
41 53
42 89
42 99
43 95
43 94
44 47
44 61
44 46
44 54
46 96
47 54
47 53
48 88
49 55
49 61
51 97
52 54
53 76
54 90
55 97
56 84
56 89
58 79
59 95
60 93
60 78
61 81
61 83
63 66
63 76
63 68
64 73
65 71
65 91
66 88
68 74
69 84
70 94
71 98
71 84
71 93
72 99
73 89
74 94
77 82
79 87
83 95
85 87
86 94
88 93
90 98
90 99
92 94
92 96
