100 342 3.42 4
0 54
0 93
0 18
0 57
0 95
0 42
0 12
0 19
0 1
0 36
0 78
0 46
0 15
1 7
1 10
1 69
1 91
1 90
1 79
1 77
1 35
2 73
2 24
2 37
3 32
3 73
3 69
3 7
3 61
4 43
4 23
4 87
4 17
4 66
4 67
4 46
4 36
4 96
4 35
4 54
4 83
4 78
5 20
5 75
5 91
5 68
5 48
5 61
6 60
6 61
6 14
7 61
7 96
7 63
8 68
8 57
8 39
8 70
8 45
9 11
9 57
9 43
9 39
9 22
9 73
9 86
9 31
9 64
10 14
10 16
10 62
10 57
11 81
11 57
11 68
11 73
12 55
12 46
12 64
12 29
12 69
12 48
12 67
13 41
13 70
13 43
14 27
14 91
14 41
14 43
14 28
14 49
14 42
15 93
15 33
15 81
16 95
16 60
16 87
16 69
16 39
16 18
16 91
16 64
17 29
17 26
17 77
17 43
18 46
18 35
18 93
18 92
18 19
18 50
19 28
19 63
19 80
19 41
19 60
19 70
20 33
20 35
20 58
20 21
20 66
20 69
20 22
21 84
21 26
21 39
21 47
21 37
21 38
21 51
21 55
22 56
22 52
22 68
22 49
22 89
23 66
23 76
23 47
23 88
23 26
24 80
24 96
24 78
24 56
24 73
25 49
25 93
25 35
25 46
25 89
25 51
25 40
25 61
25 33
26 67
26 43
26 96
26 42
26 99
26 70
27 52
27 87
27 31
27 50
27 77
27 93
28 62
28 35
28 74
28 60
28 39
29 54
29 76
29 44
29 55
29 91
30 40
30 74
30 99
31 72
31 98
31 99
31 95
32 75
32 76
32 54
32 77
33 71
33 55
33 73
33 72
33 40
33 42
34 66
34 89
35 63
35 72
36 71
36 86
36 45
36 80
36 89
36 43
36 46
36 76
37 91
37 64
37 41
37 46
37 79
38 66
38 61
38 49
39 83
39 52
40 96
40 93
41 77
41 45
42 49
42 58
42 79
42 70
42 67
43 44
43 81
43 59
43 79
43 48
43 69
44 98
44 68
44 89
44 71
44 85
45 90
45 71
45 54
46 80
46 99
47 67
47 79
47 74
47 97
47 62
48 74
48 90
48 58
49 56
49 83
49 72
49 91
50 79
50 66
51 94
51 88
51 95
51 52
51 62
51 72
51 82
52 71
52 84
53 59
53 95
54 79
54 90
54 62
54 80
54 65
55 73
55 81
56 61
56 62
56 70
57 93
57 97
58 84
58 98
58 66
58 96
58 87
59 62
59 92
59 60
59 89
60 68
60 80
61 98
61 93
61 72
62 72
62 85
63 79
65 68
65 72
66 72
66 96
67 75
68 93
68 99
68 85
69 97
69 80
69 88
71 72
71 88
71 81
71 93
71 97
72 85
72 79
73 89
73 90
75 95
75 83
75 79
76 97
77 95
77 82
78 92
78 85
78 88
78 90
79 91
82 90
84 92
86 97
86 94
87 96
88 98
89 94
90 94
91 98
91 97
92 98
93 96
