100 150 1.5 3
0 77
0 27
0 64
1 17
1 34
1 37
1 93
1 52
2 10
2 21
2 82
3 64
3 15
3 53
4 35
4 16
4 80
5 48
5 8
5 21
5 73
5 82
6 44
6 41
6 78
6 71
6 67
7 92
7 25
7 29
8 76
8 16
8 80
9 32
9 41
9 10
10 53
10 35
11 95
11 65
12 32
13 59
14 56
14 29
14 98
15 44
15 70
16 92
16 21
16 94
17 45
17 63
18 84
18 46
19 32
19 50
19 28
20 23
20 28
21 81
22 72
22 92
23 48
23 40
23 74
24 65
24 80
24 34
25 93
26 96
27 71
27 60
27 28
28 75
28 48
28 54
28 29
29 93
29 39
29 59
30 44
30 60
30 58
31 78
31 79
31 48
31 98
31 83
32 37
33 84
35 61
36 64
37 55
37 99
38 86
38 64
40 50
42 57
43 72
43 65
43 79
44 72
44 86
44 55
45 65
45 69
46 53
47 53
47 97
48 87
49 58
49 88
50 73
51 53
51 88
52 72
52 59
52 64
53 94
54 79
55 89
56 94
56 95
60 65
61 83
61 99
62 93
63 92
63 86
63 69
64 80
64 93
65 81
65 83
66 76
67 84
67 93
68 70
69 83
70 79
71 73
71 93
74 81
74 85
77 90
77 81
82 96
82 84
85 91
98 99
