100 450 4.5 3
0 56
0 5
0 50
0 68
0 89
0 28
0 80
0 86
0 1
0 53
1 17
1 72
1 42
1 46
1 38
1 13
1 78
2 65
2 46
2 89
2 95
2 96
2 27
2 83
2 41
2 73
2 8
3 20
3 9
3 70
3 59
3 43
3 66
3 34
4 69
4 25
4 76
4 96
4 27
4 46
4 99
4 81
4 43
4 41
5 24
5 68
5 23
5 27
5 70
5 84
5 29
5 45
5 38
5 92
6 65
6 54
6 12
6 60
6 82
6 19
6 96
6 99
6 58
7 42
7 81
7 96
7 33
7 30
7 66
7 59
8 52
8 80
9 47
9 75
9 18
9 87
9 35
9 15
9 82
10 49
10 68
10 61
10 79
10 36
10 47
10 11
10 32
10 55
10 60
10 82
10 18
10 67
11 64
11 54
11 98
12 60
12 89
12 71
12 93
12 83
12 94
12 32
12 34
12 77
12 67
12 14
13 31
13 26
13 61
13 93
13 34
14 96
14 35
14 75
14 85
14 89
14 54
14 43
14 90
14 99
15 27
15 67
15 39
15 95
16 45
16 93
16 20
16 57
16 73
16 43
16 84
16 48
16 95
16 37
16 81
16 96
16 62
17 88
17 65
17 77
17 53
17 78
17 79
18 77
18 59
18 78
18 60
18 29
18 46
18 45
18 27
18 62
18 43
18 38
19 70
19 35
19 82
19 83
19 66
19 93
19 99
20 50
20 78
20 37
20 28
20 33
20 80
20 49
21 68
21 84
21 37
21 38
21 66
21 67
21 59
22 24
22 86
22 91
22 61
22 72
23 34
23 82
23 93
23 60
23 52
23 89
23 37
23 32
24 39
24 51
24 86
24 83
24 27
24 38
25 78
25 47
25 99
25 66
25 28
25 94
26 87
26 60
26 64
26 75
26 89
26 71
27 61
27 35
27 78
27 32
27 52
27 63
27 60
27 69
27 37
28 84
28 48
28 34
28 49
28 51
29 71
29 77
29 88
29 46
29 68
30 68
30 49
30 53
30 87
31 42
31 38
31 91
31 75
31 65
32 33
32 68
32 92
32 90
33 51
33 99
33 89
33 75
33 96
33 62
33 73
33 72
33 90
33 60
33 86
34 84
34 69
34 41
34 60
34 95
34 89
35 81
35 62
35 59
35 68
35 95
36 54
36 82
36 89
36 61
36 41
36 39
37 86
37 95
37 76
37 48
37 42
37 45
37 40
37 39
38 94
38 74
38 47
38 82
38 79
38 67
38 56
39 98
39 50
39 66
39 69
39 70
39 82
40 53
40 94
40 66
40 92
40 86
40 47
40 55
41 52
41 88
41 67
41 55
41 78
41 46
41 86
41 60
42 71
42 75
42 79
42 47
42 65
43 89
43 86
43 91
43 65
43 87
43 98
43 79
43 83
43 93
44 93
44 80
44 69
44 52
44 74
45 77
45 60
45 52
46 68
46 64
46 63
46 93
46 85
47 98
47 90
47 54
47 80
47 93
47 62
48 98
48 68
48 55
49 51
49 87
50 67
50 54
50 79
50 97
51 82
51 63
51 92
51 67
51 83
52 57
53 98
53 54
53 74
53 81
54 70
54 78
54 83
55 84
55 57
55 59
55 77
55 95
55 81
56 86
56 91
56 72
56 88
57 74
58 97
58 75
58 86
58 63
58 82
59 61
59 66
59 87
59 80
60 63
60 80
61 92
62 80
62 92
62 72
62 78
62 99
62 94
63 91
63 89
63 85
63 75
63 77
64 65
64 89
64 75
65 79
65 66
65 98
65 97
65 94
66 90
66 69
66 75
67 87
67 82
68 87
68 69
69 95
69 93
70 95
71 81
71 85
72 79
72 98
73 82
73 88
73 78
73 99
73 79
73 89
74 75
75 94
75 81
76 78
76 94
77 85
78 85
78 93
79 81
80 85
80 87
80 86
81 86
81 88
81 82
81 99
82 98
82 97
83 93
83 85
84 88
84 98
84 86
85 99
85 98
87 97
87 94
89 90
91 95
91 94
95 99
