100 450 4.5 3
0 4
0 37
0 86
0 55
0 32
0 11
0 89
0 76
0 3
0 19
0 61
1 13
1 14
1 22
1 42
1 97
1 62
1 69
1 16
1 86
1 78
1 18
2 98
2 96
2 66
2 80
2 77
2 37
2 73
2 82
2 99
2 34
3 13
3 16
3 95
3 12
3 25
3 28
4 14
4 93
4 41
4 72
4 62
5 12
5 53
5 29
5 81
5 71
5 43
5 92
5 22
5 63
5 19
6 93
6 33
6 18
6 22
6 34
6 49
6 90
7 90
7 9
7 53
7 43
7 21
7 97
7 69
7 31
7 93
8 12
8 19
8 87
8 95
9 98
9 39
9 61
9 30
9 31
9 24
9 49
9 76
9 50
9 86
10 20
10 52
10 48
10 13
10 77
10 96
10 68
10 23
10 35
10 41
10 99
10 51
11 21
11 54
11 57
11 29
11 78
11 92
11 70
11 53
11 19
12 76
12 49
12 59
12 39
12 24
12 81
12 96
12 55
12 84
12 45
12 73
13 64
13 66
13 30
13 48
13 55
13 35
13 68
14 26
14 40
14 44
14 52
14 36
14 70
14 76
14 64
14 81
15 54
15 45
15 78
15 88
15 47
16 36
16 30
16 61
16 39
16 74
17 48
17 31
17 19
17 24
17 45
17 82
17 20
17 79
18 26
18 74
18 69
18 92
19 52
19 62
19 27
19 71
19 47
19 43
20 63
20 69
20 44
20 59
20 39
21 42
21 73
21 60
22 38
22 34
22 40
22 77
22 57
22 85
22 26
22 64
23 59
23 95
23 48
23 42
23 37
23 98
23 96
23 79
24 68
24 46
24 56
24 62
24 67
24 86
24 29
25 39
25 62
25 96
25 76
25 44
25 93
25 74
26 67
26 68
26 97
26 51
26 78
26 38
26 40
26 27
26 93
27 60
27 82
27 38
27 39
27 66
27 42
27 50
27 49
28 96
28 48
28 66
28 82
28 38
28 98
28 50
29 73
29 52
29 31
29 84
29 61
29 82
29 59
29 63
29 37
29 58
30 50
30 48
30 75
30 38
30 65
30 35
30 46
30 97
31 78
31 91
31 82
32 79
32 63
32 84
32 47
32 72
32 87
34 58
34 63
34 70
34 59
34 67
34 39
34 95
35 56
35 39
35 92
36 93
37 78
37 72
37 86
37 52
37 77
38 56
38 72
38 69
38 65
39 49
39 62
39 56
39 69
39 87
39 97
40 75
40 74
40 65
40 41
40 84
40 44
41 93
41 57
41 86
41 94
41 58
41 80
41 99
41 90
41 79
41 62
42 59
42 47
42 67
42 63
42 53
42 83
42 81
43 82
43 95
43 93
43 74
44 97
44 77
44 50
44 48
44 96
44 76
45 93
45 96
45 50
46 70
46 67
46 51
46 53
47 66
47 62
47 76
48 56
48 67
48 88
48 82
48 70
48 78
48 51
49 59
49 83
49 51
49 72
49 63
50 78
50 92
50 88
50 81
50 79
51 91
51 62
51 89
51 74
51 80
52 75
53 64
53 89
53 55
53 86
54 71
54 90
54 73
54 78
55 80
55 96
55 73
55 76
55 86
56 66
56 59
57 76
57 71
57 80
57 93
57 87
57 69
57 62
58 96
58 71
58 68
58 78
58 69
58 88
59 72
59 92
59 75
59 77
59 80
59 94
60 83
60 92
60 79
60 69
61 67
61 68
61 71
61 65
62 63
62 70
62 83
63 65
63 92
63 66
64 78
64 81
64 79
64 95
64 75
65 74
65 84
65 68
65 70
65 73
66 79
66 88
66 82
66 67
67 81
67 76
68 88
68 74
69 76
69 95
69 77
70 76
70 94
71 73
72 77
72 73
73 78
73 95
75 93
75 77
75 98
75 84
75 82
76 85
76 83
78 79
78 98
78 80
79 87
81 90
81 96
82 94
82 92
82 90
83 92
83 88
83 96
83 90
84 97
84 93
85 90
87 89
87 97
88 94
88 89
88 91
90 91
90 98
91 96
91 97
94 95
95 97
