100 150 1.5 3
0 5
0 56
0 60
0 45
0 62
1 58
1 35
1 19
2 83
3 94
3 46
3 45
4 30
4 23
4 43
6 66
6 44
6 58
6 25
6 34
7 34
8 80
9 24
9 88
9 83
9 80
9 14
9 76
10 39
10 68
10 64
11 16
11 57
11 31
11 47
12 54
12 76
12 70
12 17
12 19
12 40
13 87
13 22
14 50
14 35
14 38
15 34
15 98
16 63
16 46
16 45
16 38
16 65
17 87
18 32
18 96
18 66
19 20
19 47
20 58
21 95
21 61
21 39
21 88
22 64
23 61
23 42
24 87
25 41
25 79
26 86
26 41
27 42
27 77
28 99
28 89
28 60
28 84
29 64
29 88
29 44
29 49
31 80
31 61
31 48
32 64
32 45
33 39
34 50
34 81
35 73
35 79
36 70
37 75
38 59
38 64
38 48
39 89
39 56
40 91
41 89
43 59
44 70
46 78
47 84
47 66
48 59
49 86
51 87
51 52
53 56
54 98
55 77
55 62
55 82
55 76
56 87
56 97
56 57
57 74
58 59
58 71
59 89
59 66
61 76
62 64
62 82
64 90
65 72
66 81
67 91
67 85
68 76
69 95
70 80
71 72
72 92
72 94
76 82
79 91
79 90
80 86
83 95
83 85
84 99
85 88
89 96
90 94
93 95
95 97
