100 342 3.42 4
0 35
0 73
0 2
0 27
0 50
0 99
1 66
1 12
1 54
1 74
1 47
1 92
1 33
2 46
2 94
2 10
2 23
2 27
2 96
2 95
3 9
3 98
3 66
3 68
3 94
3 39
3 10
3 85
4 25
4 5
4 94
4 59
4 84
4 28
4 95
4 41
4 13
4 79
4 51
4 45
5 42
5 91
5 12
5 55
5 50
5 96
5 93
5 76
5 17
5 70
6 36
6 72
6 30
6 52
6 40
6 34
6 9
6 20
7 96
7 19
7 24
7 25
7 83
8 81
8 62
8 69
8 20
8 12
8 41
8 89
8 16
8 90
8 92
9 99
9 73
9 21
10 41
10 20
10 77
10 23
10 60
11 22
11 70
11 56
11 46
11 17
11 53
11 50
11 85
12 19
12 35
12 31
12 54
12 75
12 49
12 92
12 51
13 47
13 34
13 33
13 95
13 99
14 22
14 20
14 72
14 91
14 43
14 99
14 85
14 78
14 16
15 52
15 97
15 38
15 49
15 90
15 63
15 68
15 48
16 75
16 32
16 62
16 26
16 34
16 91
16 20
16 60
16 63
16 56
16 77
17 20
17 93
17 57
17 97
17 48
17 95
18 48
18 89
18 80
19 84
19 52
19 45
19 61
20 81
20 68
20 82
20 57
20 98
20 34
21 80
21 64
21 58
21 27
22 97
22 33
22 93
22 80
23 70
23 35
23 90
23 83
23 75
23 33
24 69
24 38
24 57
24 75
24 92
24 34
24 80
25 39
25 37
25 84
25 75
25 79
26 92
26 36
26 39
26 52
26 42
27 97
27 41
28 44
28 94
28 74
29 43
29 68
29 52
30 74
31 91
31 77
31 57
31 56
31 70
32 76
32 65
32 48
32 75
32 36
32 41
32 72
32 89
33 87
33 95
33 85
33 72
34 49
35 46
35 84
35 40
36 98
36 64
36 93
36 38
37 56
37 44
37 81
37 72
37 71
37 63
38 80
39 68
39 57
40 95
40 94
40 66
40 48
40 80
40 91
40 97
40 69
41 66
41 75
41 49
41 60
41 54
41 51
42 53
43 61
43 80
43 71
44 75
44 74
44 77
44 99
44 55
45 60
45 96
45 67
45 78
46 57
46 91
46 74
46 80
47 60
47 63
47 73
47 68
48 78
48 93
48 74
49 75
49 70
49 51
50 91
50 61
50 82
51 54
51 94
51 92
51 63
51 74
52 74
52 78
52 66
53 66
53 69
54 70
54 81
54 72
55 97
55 64
55 73
56 83
56 59
56 57
57 83
57 97
57 86
57 98
57 92
57 75
57 72
57 74
58 95
58 88
59 62
60 77
61 71
63 87
63 68
64 78
64 96
65 78
65 95
65 80
67 94
67 87
67 99
68 91
68 93
69 80
69 87
69 79
70 89
71 77
71 80
72 77
72 80
74 85
76 80
76 95
77 99
77 93
79 85
79 89
79 94
80 93
81 97
81 95
82 96
84 91
85 91
85 87
86 91
86 88
88 94
89 98
89 94
89 97
90 92
94 99
