100 342 3.42 4
0 18
0 32
0 30
0 11
0 89
1 97
1 20
1 92
2 71
2 74
2 52
2 98
2 53
2 99
2 64
2 83
2 69
2 21
3 74
3 94
3 12
3 27
3 77
4 57
4 82
5 59
5 75
5 80
5 14
6 74
6 96
6 64
6 36
6 70
6 77
6 34
6 59
7 39
7 62
7 41
7 48
7 18
7 72
8 74
8 56
8 37
8 20
8 82
8 34
9 30
9 98
9 86
9 51
9 10
9 14
10 11
10 75
10 28
11 84
11 26
11 86
11 63
11 78
12 75
12 52
12 96
12 66
12 48
12 18
13 25
13 43
14 74
14 83
14 95
14 24
14 62
15 46
15 71
15 72
15 30
15 66
15 39
15 58
16 33
16 85
16 86
16 87
17 53
17 25
17 55
17 58
17 57
17 48
17 34
17 45
18 35
18 36
18 84
18 67
18 19
18 69
18 95
19 49
19 33
20 32
20 94
20 90
20 97
20 80
20 62
20 61
20 50
21 43
21 30
21 59
21 88
22 95
22 34
22 80
22 97
22 74
23 56
23 46
23 61
23 85
23 86
23 44
24 76
24 73
24 57
24 84
25 36
25 26
25 61
25 68
25 57
26 61
26 69
26 65
26 42
27 68
27 85
27 64
27 73
28 62
28 72
28 39
28 42
28 64
28 29
29 84
29 36
30 80
30 48
30 67
30 43
30 82
30 34
31 96
31 68
31 95
31 74
31 54
31 90
32 87
32 64
32 78
32 71
32 74
33 47
33 93
33 42
33 87
33 80
34 70
34 41
34 77
34 87
34 72
35 72
35 84
35 89
35 92
35 95
35 58
36 51
37 54
37 83
37 86
38 69
38 71
38 39
38 49
38 42
38 90
39 55
39 49
39 94
39 72
39 82
39 41
40 97
40 56
40 46
40 94
41 63
41 54
42 77
42 62
42 46
42 78
43 72
43 90
43 99
43 62
43 83
43 76
44 83
44 72
44 57
44 60
44 46
44 90
44 99
44 78
44 69
45 83
46 93
46 97
46 91
46 69
46 85
46 56
47 74
47 68
47 64
47 98
47 97
47 59
47 91
48 77
48 61
48 58
48 79
49 75
49 62
49 63
50 54
50 85
50 91
51 57
51 88
51 71
52 85
53 88
53 76
53 65
53 59
54 58
54 57
54 78
54 64
54 89
54 90
54 75
55 93
55 81
56 86
56 79
56 57
56 96
56 90
57 92
57 75
57 72
57 74
58 74
58 64
58 73
59 99
59 82
59 87
59 91
59 66
59 63
60 88
60 91
60 97
61 79
61 76
61 78
62 90
63 65
63 96
63 95
64 68
64 75
65 88
65 91
66 76
66 69
67 81
67 86
68 87
68 88
68 69
68 76
69 72
69 97
70 80
70 79
71 84
72 75
72 92
74 77
74 97
74 92
74 99
74 93
74 91
74 85
75 86
76 80
77 84
77 80
77 79
79 81
79 99
80 88
80 93
80 84
80 95
82 97
82 92
83 90
84 89
84 85
84 87
86 92
88 90
89 95
96 98
