100 150 1.5 3
0 73
0 88
1 13
1 4
1 17
2 5
2 14
2 3
2 71
3 52
3 40
3 30
3 23
3 41
3 62
4 62
4 57
5 56
5 31
5 8
6 31
6 25
6 30
6 15
6 98
7 63
8 32
8 82
8 19
8 87
8 59
8 75
9 17
9 60
10 60
11 36
12 29
12 44
13 76
13 42
14 52
14 59
14 70
14 89
14 74
14 94
15 58
15 79
16 45
16 43
16 92
16 81
17 74
17 53
17 20
17 97
18 65
18 86
19 66
20 65
20 30
20 62
21 48
22 74
22 44
23 86
23 64
23 88
23 48
24 32
24 83
24 62
25 91
26 43
26 72
26 47
26 31
27 92
27 72
28 68
29 33
29 94
29 74
30 49
30 80
30 51
31 71
31 53
31 88
31 66
31 67
31 93
32 55
32 57
32 44
33 67
34 75
34 77
34 66
35 68
35 84
35 83
37 47
37 48
38 97
38 80
39 65
39 89
40 84
40 88
41 71
41 61
41 78
42 95
42 78
46 64
47 87
47 62
48 98
49 96
49 83
50 53
50 97
50 99
52 61
53 75
54 55
55 80
56 98
56 74
57 82
58 67
60 69
61 98
63 93
64 90
67 82
67 70
70 85
72 98
73 95
73 76
73 83
74 97
77 82
78 86
80 96
84 97
89 92
89 99
