100 342 3.42 4
0 14
0 27
0 90
0 59
0 25
0 81
0 53
0 31
1 20
1 46
1 91
1 23
2 82
2 58
2 30
2 59
2 5
3 93
3 13
3 91
3 27
3 17
4 10
4 87
4 41
4 38
4 28
4 9
4 92
4 32
4 6
4 42
5 49
5 85
5 98
5 25
5 38
6 88
6 81
6 65
6 53
6 24
6 58
6 43
6 49
6 91
7 31
7 64
7 73
7 34
7 57
7 19
7 52
7 11
8 62
8 29
8 37
8 56
8 40
8 38
8 45
8 79
9 81
9 49
9 72
9 10
9 35
9 74
9 61
9 55
9 20
9 47
10 94
10 48
10 58
10 38
10 84
10 63
10 26
11 46
11 40
11 65
11 76
12 51
12 83
12 66
12 35
12 70
13 74
13 52
13 44
13 24
13 28
13 14
14 33
14 25
14 84
14 94
14 82
14 98
14 50
15 44
15 63
15 45
15 85
15 17
15 56
15 58
15 25
15 52
16 75
16 70
16 82
16 27
17 72
17 49
17 92
18 46
18 96
18 89
18 23
18 51
18 62
18 25
18 70
19 23
19 21
19 60
19 30
20 57
20 69
20 70
20 44
20 89
20 51
20 34
20 41
21 45
21 55
21 58
21 46
21 91
22 32
22 37
22 25
22 42
23 76
23 48
23 94
23 67
24 45
24 39
24 44
25 80
25 27
25 42
25 45
25 52
25 28
26 38
26 36
26 58
26 49
26 43
27 88
27 30
27 82
27 35
27 31
28 83
28 51
28 75
28 99
28 38
28 93
29 36
29 70
30 71
30 39
30 91
30 83
30 43
31 54
31 35
31 90
31 67
31 48
32 61
32 36
32 57
32 75
32 51
32 59
33 87
33 61
34 38
35 40
35 80
35 88
35 71
35 91
36 57
36 42
36 62
36 87
36 55
36 53
36 75
37 89
38 64
38 57
38 81
38 62
38 60
38 47
38 97
39 50
39 64
39 67
39 68
40 51
40 88
40 45
40 42
40 95
40 74
40 89
40 75
41 70
41 66
41 83
41 50
41 79
41 46
42 44
42 50
42 49
42 70
42 72
43 79
43 93
44 94
44 83
45 68
45 57
45 82
45 58
46 73
46 86
46 62
46 63
46 98
47 64
47 48
47 69
48 78
48 77
48 59
48 66
49 80
49 62
49 76
50 59
50 85
50 68
51 69
51 93
51 60
52 76
52 79
52 98
52 87
53 68
53 75
53 77
54 90
54 86
54 75
55 59
55 92
56 95
56 75
56 82
57 59
57 69
57 77
57 79
58 82
58 59
59 63
59 96
59 81
59 68
60 94
61 92
61 72
61 99
62 70
62 63
62 75
62 78
62 81
64 75
64 85
64 67
66 74
66 91
66 68
67 98
68 94
68 97
69 70
69 89
69 91
70 76
71 88
72 85
72 81
73 97
73 74
74 90
75 77
75 97
75 84
76 91
76 97
79 97
79 92
80 98
80 89
80 95
83 88
83 91
86 88
87 96
88 99
88 95
88 90
89 95
90 97
90 99
91 99
