100 342 3.42 4
0 94
0 46
0 82
0 62
0 25
0 27
0 73
0 28
1 7
1 83
1 24
1 16
1 41
2 20
2 26
2 62
2 17
2 82
2 77
3 80
3 21
3 78
3 79
3 62
3 93
3 49
4 96
4 84
4 10
4 66
4 72
4 76
4 35
4 5
4 22
4 80
5 33
5 73
5 90
5 79
5 20
5 93
5 38
6 96
6 91
6 82
6 81
6 10
7 57
7 54
7 32
7 99
7 83
7 46
8 11
8 60
8 38
8 58
8 83
8 52
8 62
8 31
8 51
9 18
9 85
9 84
9 65
9 90
9 91
9 76
9 54
9 23
9 64
10 63
10 54
10 18
10 29
11 64
11 23
11 63
11 12
11 91
12 52
12 72
12 46
12 68
12 53
12 89
12 17
12 73
13 79
13 78
14 35
14 49
14 95
14 63
14 58
14 68
15 48
15 93
15 38
15 70
15 84
16 39
16 27
16 44
16 34
16 56
16 68
16 17
17 64
17 59
18 74
18 40
18 21
18 34
18 19
18 26
19 95
19 46
19 63
19 43
19 78
19 34
20 66
20 79
20 98
20 93
20 65
20 43
20 87
20 47
21 37
21 51
21 67
21 42
21 28
21 93
22 41
22 26
22 65
22 75
22 46
23 34
23 53
23 27
23 90
24 28
24 55
24 86
25 85
25 90
25 38
25 57
26 53
26 31
26 46
26 57
26 58
27 76
27 89
27 98
27 78
27 31
27 84
27 85
28 72
28 31
28 93
28 48
28 92
28 35
28 62
29 86
29 94
29 32
29 51
29 67
29 95
30 77
30 88
30 42
30 96
30 57
30 69
31 68
31 74
31 43
31 76
31 44
31 89
32 62
32 47
32 35
33 92
33 52
33 79
33 43
33 90
34 75
34 58
34 69
34 56
34 94
35 86
35 69
35 48
35 64
35 99
35 46
35 39
35 66
35 59
36 49
36 86
37 66
37 70
37 65
37 44
37 82
38 88
38 41
39 92
39 73
39 79
39 72
39 84
39 56
40 73
40 47
40 56
41 85
42 82
42 72
42 49
42 81
43 56
43 98
43 48
43 57
44 62
44 79
45 77
45 81
45 53
46 65
46 93
48 72
48 50
49 50
49 55
49 86
49 82
49 84
49 96
50 91
51 68
51 70
51 65
52 93
52 90
52 80
52 75
52 84
53 59
53 55
54 58
54 94
54 60
54 72
55 77
55 71
55 89
56 70
56 72
57 81
57 78
58 76
58 96
58 86
59 91
60 88
61 89
61 86
61 80
61 75
62 89
62 72
62 74
63 82
64 74
65 66
65 69
65 88
66 77
66 92
67 97
67 76
67 96
68 98
69 97
70 97
70 72
70 80
71 79
71 72
71 75
72 77
72 95
72 73
73 75
74 75
74 82
75 85
76 88
76 90
76 77
77 90
77 87
77 93
77 82
78 99
79 83
80 89
80 81
81 88
84 85
84 89
85 91
85 93
86 95
86 88
87 97
87 90
87 95
87 93
89 99
89 92
89 94
89 98
90 94
92 94
