100 150 1.5 3
0 4
0 93
0 18
1 32
2 82
2 63
2 58
2 93
2 30
2 37
2 15
3 68
3 21
3 29
3 57
4 65
4 41
5 51
5 98
5 15
5 61
5 14
6 77
6 20
6 25
7 97
8 39
8 41
8 34
8 58
9 17
9 97
10 37
10 12
11 17
11 49
12 36
12 24
12 26
12 61
13 28
14 87
14 41
15 92
16 31
17 58
18 55
18 43
18 65
19 26
20 33
20 76
20 26
20 78
21 74
21 80
21 73
22 32
22 88
22 99
23 91
24 32
24 64
24 75
24 99
25 26
25 72
25 89
26 80
26 82
26 27
27 97
28 96
28 65
28 84
28 57
29 32
29 41
30 38
30 44
30 39
30 50
31 62
31 33
32 35
32 61
32 85
33 81
34 46
34 77
34 41
35 67
35 92
36 62
36 53
36 97
36 87
36 72
37 55
38 70
38 63
39 90
39 54
40 53
41 95
41 55
41 83
42 51
42 59
43 54
43 69
45 72
45 56
45 97
46 84
47 70
47 71
47 95
48 62
48 86
49 94
49 71
50 70
50 88
50 65
51 93
52 74
54 77
54 66
54 96
56 96
60 67
61 72
61 91
62 71
63 98
63 84
64 95
66 83
72 81
75 89
75 79
79 96
79 99
79 85
79 86
80 84
88 98
88 99
89 90
