100 342 3.42 4
0 4
0 22
0 81
0 36
0 93
0 24
0 41
0 32
0 11
1 93
1 71
1 82
1 81
1 23
1 97
1 74
1 86
1 64
1 22
2 50
2 96
2 22
2 77
2 60
2 40
2 83
2 12
2 68
2 5
2 88
3 69
3 80
3 55
3 56
3 60
3 25
3 48
3 32
4 24
4 21
4 38
4 17
4 25
5 69
5 15
5 43
5 24
5 40
5 91
5 87
5 57
6 19
6 59
6 66
6 36
6 16
6 29
7 31
7 77
7 26
7 18
7 74
7 13
7 71
8 87
8 14
8 57
8 94
8 89
8 84
8 75
9 80
9 34
9 17
9 33
9 29
9 24
9 56
10 35
10 34
10 30
10 18
11 38
11 99
11 27
11 57
11 40
12 82
12 67
12 59
12 23
12 21
12 29
12 66
13 71
13 94
13 61
13 29
13 20
13 75
14 68
14 39
14 98
14 30
14 63
14 17
14 45
15 34
15 56
15 63
15 96
15 83
15 93
15 23
15 71
16 17
16 67
16 83
16 56
16 88
16 79
17 49
17 42
17 33
17 85
17 44
17 36
17 50
18 65
18 72
18 33
18 44
18 69
19 28
19 71
19 25
19 92
19 51
19 67
19 88
19 29
19 40
20 40
20 94
20 99
20 78
20 96
20 91
20 27
21 39
21 73
22 53
22 93
22 52
22 36
23 40
23 63
23 73
24 43
24 45
24 42
24 67
24 60
24 36
24 80
25 71
26 96
26 34
26 71
26 59
27 69
27 53
27 83
28 52
28 31
28 45
28 71
29 63
29 53
29 45
29 76
29 89
30 54
30 81
30 56
31 92
31 33
31 62
31 90
31 83
32 66
32 71
32 85
32 33
33 45
33 70
33 94
33 73
34 55
34 44
34 48
35 37
35 97
36 77
36 57
36 89
36 55
36 75
36 96
36 46
36 94
36 65
37 66
37 86
37 95
38 42
39 66
39 65
40 45
40 76
40 82
40 55
40 61
40 83
41 51
41 88
41 90
42 57
42 65
42 80
42 70
42 63
43 70
43 90
43 88
44 93
44 54
45 83
45 52
46 88
46 96
46 53
46 83
46 47
46 75
46 67
46 70
46 52
47 53
47 51
47 85
48 88
48 58
48 78
49 93
49 81
49 72
50 76
51 76
51 73
51 58
51 74
52 96
53 55
53 78
53 80
53 63
53 77
54 69
54 70
54 94
54 61
54 59
55 92
55 71
55 87
55 93
55 72
56 85
56 90
56 69
56 87
57 71
57 69
57 62
58 89
58 66
58 87
58 60
59 65
59 95
60 65
60 69
60 88
60 85
61 77
61 99
62 74
64 78
64 93
64 75
64 92
64 96
65 97
65 98
65 71
65 91
65 82
66 89
66 69
67 83
67 78
67 88
68 95
70 88
70 98
71 82
71 73
71 86
72 96
72 97
73 91
73 86
74 81
74 88
76 93
76 78
76 95
78 98
78 97
80 83
82 84
84 95
85 86
87 89
87 95
89 90
89 99
90 94
92 95
93 97
94 96
