40 120 3 3
0 4
0 34
0 12
0 32
0 19
0 14
0 24
0 37
0 1
1 31
1 28
1 27
1 14
1 17
1 26
2 20
2 8
2 30
3 37
3 28
3 20
3 26
3 14
3 5
3 7
3 9
4 23
4 21
4 36
4 19
4 33
4 38
4 8
4 35
5 30
5 25
5 24
5 22
6 33
6 11
7 30
7 22
7 20
7 33
7 21
8 16
8 23
8 13
8 38
8 36
8 32
9 19
9 11
9 31
10 33
10 19
10 29
10 22
10 23
10 11
10 21
11 32
11 28
11 23
11 37
12 35
12 21
12 20
12 38
13 25
13 14
13 21
13 37
13 34
14 29
14 22
14 25
14 33
14 23
15 25
15 30
15 27
16 24
16 39
16 22
17 22
17 33
17 20
17 38
18 32
18 36
19 39
19 38
19 26
20 39
20 32
21 31
21 35
22 28
22 35
22 36
22 31
23 39
23 26
24 37
24 30
25 36
25 34
25 28
25 35
27 29
27 32
28 37
29 35
29 37
29 30
30 37
32 36
36 39
36 37
