40 120 3 3
0 39
0 26
0 17
0 30
0 20
0 15
0 12
0 24
0 3
0 9
1 4
1 37
1 33
1 18
1 30
1 31
1 24
2 11
2 34
2 5
2 27
2 33
3 15
3 36
3 14
3 16
3 37
3 34
4 21
4 16
4 31
5 32
5 35
5 25
5 16
5 15
5 34
5 38
6 34
6 9
6 31
7 21
7 37
7 22
7 35
7 16
7 31
7 19
7 8
7 32
8 20
8 30
8 25
8 12
8 17
9 20
9 39
10 25
10 34
10 22
10 31
10 19
10 15
10 28
11 37
11 36
11 30
11 31
11 17
12 30
12 33
12 23
13 22
13 16
13 14
14 24
14 39
14 26
15 19
15 34
15 39
15 29
16 26
16 30
17 33
18 34
18 20
18 23
18 26
18 33
18 24
19 21
19 22
19 26
19 31
19 30
19 32
19 25
20 31
20 34
21 24
21 33
21 26
22 23
22 24
23 36
23 38
24 35
24 34
25 33
25 26
25 27
26 38
27 36
27 35
31 33
32 34
32 39
33 37
34 39
