40 120 3 3
0 12
0 27
0 35
0 17
0 22
0 25
1 24
1 5
1 13
1 26
1 34
2 31
2 21
2 27
3 14
3 22
3 19
3 25
3 11
3 37
3 17
4 7
4 13
4 12
4 33
4 8
4 27
5 9
5 6
5 21
5 32
5 24
5 34
6 14
6 33
6 12
6 13
6 37
6 39
6 21
6 20
7 35
7 8
7 33
7 16
7 12
7 18
7 13
7 20
8 25
8 30
9 36
9 15
9 11
9 18
9 17
9 26
10 23
10 13
10 25
10 38
10 17
11 20
11 24
11 31
11 27
11 29
11 32
12 24
12 25
12 32
13 29
13 30
13 22
13 31
14 18
14 29
14 19
15 19
15 31
15 20
16 25
16 31
17 20
17 30
17 18
17 27
17 22
18 27
18 37
18 35
19 21
19 23
19 30
20 22
20 37
20 27
21 37
21 23
22 37
24 37
24 39
24 30
24 38
25 37
25 39
25 30
26 27
26 29
27 33
28 33
28 37
29 37
30 38
30 31
32 35
32 39
34 39
34 35
36 38
