40 120 3 3
0 4
0 14
0 37
0 33
0 24
1 22
1 8
1 26
1 34
1 35
1 28
2 37
2 25
2 33
2 30
2 11
2 39
2 5
2 7
2 6
3 4
3 39
3 6
3 34
4 11
4 38
4 18
5 28
5 12
5 18
5 10
5 7
5 35
6 15
6 34
6 19
6 26
7 25
7 37
7 8
8 31
8 23
8 21
8 15
9 10
9 15
9 33
9 36
9 37
10 21
11 12
11 28
11 18
11 17
12 23
13 28
13 31
13 18
13 14
14 32
14 33
14 38
14 23
15 17
15 23
15 19
16 33
16 24
16 29
16 17
16 25
16 26
16 39
17 22
17 32
17 26
18 35
18 39
18 31
18 26
19 33
19 37
19 26
19 39
20 35
20 33
20 24
20 34
20 30
20 21
21 29
22 27
22 34
23 38
23 26
23 39
24 25
24 30
24 38
25 39
25 31
27 33
27 28
28 34
28 36
28 37
28 29
28 35
28 30
29 37
29 30
30 34
30 32
31 36
31 37
32 34
33 35
34 38
37 39
37 38
