40 120 3 3
0 25
0 19
0 8
0 12
0 34
0 37
0 23
1 13
1 4
1 25
1 35
1 15
1 29
1 28
1 3
2 37
2 3
2 35
2 32
2 36
2 4
2 20
2 33
2 31
2 28
2 29
3 24
3 23
3 7
3 39
4 20
4 22
4 23
4 19
5 19
5 37
5 25
5 26
5 20
5 12
6 31
6 17
6 19
7 30
7 19
7 13
8 11
8 31
8 12
8 38
9 24
9 12
9 36
9 17
9 23
10 28
10 27
10 11
10 20
10 17
10 29
10 38
11 29
12 35
12 25
12 29
12 15
12 27
12 38
13 37
13 20
13 21
13 25
13 23
14 37
14 24
14 30
14 20
14 22
15 29
15 33
16 25
16 38
16 18
17 29
17 21
18 21
18 25
18 20
18 24
18 39
19 33
19 21
19 25
19 32
19 28
19 29
20 28
20 21
20 27
21 35
21 26
22 25
23 24
23 33
25 37
25 27
26 33
26 32
28 31
29 39
29 30
30 33
30 38
30 34
31 32
33 39
34 39
35 37
36 38
