40 120 3 3
0 34
0 27
0 16
0 7
0 13
0 9
1 35
1 16
1 37
1 2
2 7
2 9
2 15
2 4
2 18
2 3
2 39
3 5
3 6
3 32
3 29
3 22
4 38
4 22
4 14
4 31
4 32
4 21
5 24
5 6
5 17
5 8
5 11
5 26
5 37
5 19
5 28
5 7
6 28
6 35
6 36
6 38
6 37
6 9
7 32
7 33
7 24
7 21
7 9
8 12
8 36
8 39
8 31
8 26
8 14
8 22
9 14
9 26
9 39
9 20
9 18
10 38
10 22
10 12
10 31
11 20
11 33
12 26
13 15
13 33
14 16
14 21
14 35
14 19
14 30
15 38
15 25
15 36
15 19
15 16
16 25
16 18
17 39
17 31
17 21
17 32
18 37
18 38
18 22
18 27
18 19
19 25
20 39
20 30
21 34
21 31
21 27
21 35
22 34
22 23
22 29
22 26
23 29
23 39
24 25
24 26
24 32
25 27
25 29
26 27
26 36
27 39
28 32
29 30
29 38
29 35
31 36
32 39
35 39
37 38
