40 120 3 3
0 1
0 22
0 32
0 4
1 26
1 12
1 27
1 6
1 36
1 14
2 29
2 9
2 20
2 22
3 17
3 9
3 25
3 32
3 39
3 35
3 20
4 28
4 9
4 15
4 39
4 32
4 36
4 14
5 27
5 15
5 10
5 11
6 32
6 35
7 22
7 38
7 15
7 27
7 23
8 28
8 30
8 15
8 17
8 32
8 9
9 30
9 21
10 36
10 25
10 18
10 34
10 19
10 14
10 26
10 30
10 23
12 39
12 22
12 31
12 25
12 14
13 15
13 27
13 23
13 28
13 36
13 24
14 21
14 19
15 16
15 21
15 32
15 39
15 35
16 28
16 20
16 18
16 33
16 29
17 38
17 33
17 20
17 36
18 25
18 39
18 35
19 22
19 32
20 36
20 35
20 23
21 38
21 28
21 35
22 38
22 30
23 29
23 24
23 34
24 30
24 28
24 35
25 27
25 38
25 26
26 34
27 32
27 37
27 34
29 38
29 30
31 36
31 35
33 37
33 35
34 36
35 36
36 37
37 38
38 39
