40 120 3 3
0 7
0 27
0 38
0 28
0 22
0 19
0 16
1 11
1 25
1 34
1 35
1 39
2 20
2 35
2 33
2 9
3 27
3 4
3 21
3 20
3 24
3 37
3 33
3 12
3 23
4 37
4 17
4 11
4 35
4 21
4 34
5 19
5 32
5 33
5 28
5 16
5 12
6 36
6 7
6 17
6 33
7 35
7 39
7 31
7 23
8 37
8 22
8 19
8 15
9 16
9 13
9 32
9 37
9 31
9 20
10 19
10 38
10 22
10 28
10 20
10 33
10 16
11 37
11 23
11 22
11 32
12 26
12 24
12 33
13 29
13 18
13 21
13 17
14 26
15 30
15 19
16 33
16 20
16 19
16 26
16 30
17 22
17 35
17 27
17 29
18 24
18 37
18 28
18 23
19 28
19 25
19 39
19 35
20 30
20 22
21 32
21 26
22 24
22 29
23 37
23 36
24 29
24 28
24 31
24 36
25 33
26 37
26 38
26 32
27 36
28 30
28 33
29 38
30 32
31 33
31 36
32 34
32 37
33 35
33 36
