40 120 3 3
0 24
0 34
0 7
1 19
1 39
1 17
1 21
1 20
1 30
1 2
1 6
2 10
2 28
2 23
2 17
2 19
2 4
2 5
2 31
3 23
3 32
3 17
3 9
3 19
3 14
3 12
3 29
4 32
4 38
4 29
4 24
4 16
4 17
4 23
5 12
5 9
5 18
5 11
5 10
5 23
6 10
6 17
6 19
6 22
6 32
6 28
7 10
7 33
7 39
7 30
7 36
7 18
8 32
8 27
8 23
8 22
9 37
9 15
10 25
10 37
10 16
11 14
11 22
11 13
11 20
12 24
12 15
13 27
13 28
14 27
14 21
15 22
15 39
15 26
15 23
16 23
18 35
18 24
18 37
18 36
19 34
19 35
19 33
20 32
20 23
20 28
21 35
21 22
21 25
22 33
22 39
22 23
22 38
22 34
22 36
22 24
23 25
23 28
24 30
24 31
24 38
24 32
24 39
25 29
25 38
25 26
25 39
25 28
26 28
27 30
28 32
28 30
28 33
29 36
29 35
30 36
30 33
33 39
36 38
37 38
