40 120 3 3
0 29
0 9
0 20
0 13
0 33
1 35
1 2
1 34
2 39
2 6
2 5
2 8
2 20
2 30
2 19
2 25
3 38
3 13
3 27
3 30
3 34
3 19
4 6
4 29
4 5
4 19
5 38
5 15
6 11
6 18
6 28
6 39
7 33
7 19
7 37
7 16
7 35
7 13
8 20
8 38
8 16
8 18
8 39
8 11
9 13
9 14
9 28
9 19
9 20
10 29
10 13
10 17
10 37
10 19
10 32
11 19
11 13
11 33
11 30
11 15
11 29
11 35
12 33
12 23
12 14
12 17
12 19
13 38
13 17
14 26
14 18
14 25
14 21
14 17
15 37
15 28
15 27
15 38
15 36
15 26
15 22
15 24
16 28
16 38
17 20
17 31
17 27
17 22
17 37
17 28
19 34
19 31
20 38
20 23
20 26
21 30
21 22
21 39
21 32
22 28
23 30
23 37
24 33
24 29
24 28
25 39
25 37
26 30
26 36
27 33
27 30
28 29
29 31
29 30
30 33
30 31
31 32
31 33
32 34
36 38
